0.020000000000 0.020000000000 -0.099706447581
0.060000000000 0.020000000000 -0.075066418164
0.100000000000 0.020000000000 -0.061726446675
0.140000000000 0.020000000000 -0.044507975528
0.180000000000 0.020000000000 -0.024492904590
0.220000000000 0.020000000000 -0.002938854379
0.260000000000 0.020000000000 0.018799854858
0.300000000000 0.020000000000 0.039357300063
0.340000000000 0.020000000000 0.057441781330
0.380000000000 0.020000000000 0.071916984128
0.420000000000 0.020000000000 0.081873378036
0.460000000000 0.020000000000 0.086685365624
0.500000000000 0.020000000000 0.086050590239
0.540000000000 0.020000000000 0.080008931819
0.580000000000 0.020000000000 0.068939994041
0.620000000000 0.020000000000 0.053539231685
0.660000000000 0.020000000000 0.034774192057
0.700000000000 0.020000000000 0.013823544968
0.740000000000 0.020000000000 -0.007997480712
0.780000000000 0.020000000000 -0.029321165693
0.820000000000 0.020000000000 -0.048817240649
0.860000000000 0.020000000000 -0.065287521970
0.900000000000 0.020000000000 -0.077771172965
0.940000000000 0.020000000000 -0.085684582046
0.980000000000 0.020000000000 -0.089062752530
0.020000000000 0.060000000000 -0.075066418164
0.060000000000 0.060000000000 -0.046939477281
0.100000000000 0.060000000000 -0.039273398164
0.140000000000 0.060000000000 -0.029139627003
0.180000000000 0.060000000000 -0.017174905909
0.220000000000 0.060000000000 -0.004131022312
0.260000000000 0.060000000000 0.009172428611
0.300000000000 0.060000000000 0.021899542111
0.340000000000 0.060000000000 0.033250626842
0.380000000000 0.060000000000 0.042512452409
0.420000000000 0.060000000000 0.049103064259
0.460000000000 0.060000000000 0.052608350026
0.500000000000 0.060000000000 0.052808059730
0.540000000000 0.060000000000 0.049689644811
0.580000000000 0.060000000000 0.043449046213
0.620000000000 0.060000000000 0.034478381059
0.660000000000 0.060000000000 0.023341298183
0.700000000000 0.060000000000 0.010737538868
0.740000000000 0.060000000000 -0.002541112340
0.780000000000 0.060000000000 -0.015660860747
0.820000000000 0.060000000000 -0.027799246495
0.860000000000 0.060000000000 -0.038199997954
0.900000000000 0.060000000000 -0.046230970515
0.940000000000 0.060000000000 -0.051457663075
0.980000000000 0.060000000000 -0.053779028062
0.020000000000 0.100000000000 -0.061726446675
0.060000000000 0.100000000000 -0.039273398164
0.100000000000 0.100000000000 -0.032927206462
0.140000000000 0.100000000000 -0.024512077279
0.180000000000 0.100000000000 -0.014556764132
0.220000000000 0.100000000000 -0.003686795958
0.260000000000 0.100000000000 0.007414827165
0.300000000000 0.100000000000 0.018050549430
0.340000000000 0.100000000000 0.027552089293
0.380000000000 0.100000000000 0.035322430070
0.420000000000 0.100000000000 0.040873332692
0.460000000000 0.100000000000 0.043856013585
0.500000000000 0.100000000000 0.044083060066
0.540000000000 0.100000000000 0.041540206244
0.580000000000 0.100000000000 0.036387229476
0.620000000000 0.100000000000 0.028947910744
0.660000000000 0.100000000000 0.019689688197
0.700000000000 0.100000000000 0.009194275641
0.740000000000 0.100000000000 -0.001878933781
0.780000000000 0.100000000000 -0.012834474593
0.820000000000 0.100000000000 -0.022985150832
0.860000000000 0.100000000000 -0.031697496477
0.900000000000 0.100000000000 -0.038439459792
0.940000000000 0.100000000000 -0.042840511440
0.980000000000 0.100000000000 -0.044803753652
0.020000000000 0.140000000000 -0.044507975528
0.060000000000 0.140000000000 -0.029139627003
0.100000000000 0.140000000000 -0.024512077279
0.140000000000 0.140000000000 -0.018344343590
0.180000000000 0.140000000000 -0.011023967328
0.220000000000 0.140000000000 -0.003010914655
0.260000000000 0.140000000000 0.005191324860
0.300000000000 0.140000000000 0.013067374343
0.340000000000 0.140000000000 0.020122352645
0.380000000000 0.140000000000 0.025912969542
0.420000000000 0.140000000000 0.030075379310
0.460000000000 0.140000000000 0.032348042520
0.500000000000 0.140000000000 0.032588159612
0.540000000000 0.140000000000 0.030780643743
0.580000000000 0.140000000000 0.027039069288
0.620000000000 0.140000000000 0.021598536734
0.660000000000 0.140000000000 0.014800902689
0.700000000000 0.140000000000 0.007073302262
0.740000000000 0.140000000000 -0.001098694901
0.780000000000 0.140000000000 -0.009201651199
0.820000000000 0.140000000000 -0.016726813608
0.860000000000 0.140000000000 -0.023203324721
0.900000000000 0.140000000000 -0.028232656440
0.940000000000 0.140000000000 -0.031531532915
0.980000000000 0.140000000000 -0.033013294624
0.020000000000 0.180000000000 -0.024492904590
0.060000000000 0.180000000000 -0.017174905909
0.100000000000 0.180000000000 -0.014556764132
0.140000000000 0.180000000000 -0.011023967328
0.180000000000 0.180000000000 -0.006798494114
0.220000000000 0.180000000000 -0.002145846511
0.260000000000 0.180000000000 0.002641632521
0.300000000000 0.180000000000 0.007263128068
0.340000000000 0.180000000000 0.011428254575
0.380000000000 0.180000000000 0.014875301837
0.420000000000 0.180000000000 0.017387679237
0.460000000000 0.180000000000 0.018807524975
0.500000000000 0.180000000000 0.019045625239
0.540000000000 0.180000000000 0.018087020193
0.580000000000 0.180000000000 0.015991944934
0.620000000000 0.180000000000 0.012892047227
0.660000000000 0.180000000000 0.008982122030
0.700000000000 0.180000000000 0.004507887287
0.740000000000 0.180000000000 -0.000249420981
0.780000000000 0.180000000000 -0.004990654219
0.820000000000 0.180000000000 -0.009417469170
0.860000000000 0.180000000000 -0.013251202737
0.900000000000 0.180000000000 -0.016251891452
0.940000000000 0.180000000000 -0.018241312212
0.980000000000 0.180000000000 -0.019148488880
0.020000000000 0.220000000000 -0.002938854379
0.060000000000 0.220000000000 -0.004131022312
0.100000000000 0.220000000000 -0.003686795958
0.140000000000 0.220000000000 -0.003010914655
0.180000000000 0.220000000000 -0.002145846511
0.220000000000 0.220000000000 -0.001145946939
0.260000000000 0.220000000000 -0.000074043305
0.300000000000 0.220000000000 0.001002512745
0.340000000000 0.220000000000 0.002016077240
0.380000000000 0.220000000000 0.002902964210
0.420000000000 0.220000000000 0.003607447330
0.460000000000 0.220000000000 0.004085261467
0.500000000000 0.220000000000 0.004306384187
0.540000000000 0.220000000000 0.004256922645
0.580000000000 0.220000000000 0.003939987865
0.620000000000 0.220000000000 0.003375502979
0.660000000000 0.220000000000 0.002598961610
0.700000000000 0.220000000000 0.001659225175
0.740000000000 0.220000000000 0.000615524977
0.780000000000 0.220000000000 -0.000466076080
0.820000000000 0.220000000000 -0.001516390508
0.860000000000 0.220000000000 -0.002466458950
0.900000000000 0.220000000000 -0.003249960354
0.940000000000 0.220000000000 -0.003804922777
0.980000000000 0.220000000000 -0.004080513157
0.020000000000 0.260000000000 0.018799854858
0.060000000000 0.260000000000 0.009172428611
0.100000000000 0.260000000000 0.007414827165
0.140000000000 0.260000000000 0.005191324860
0.180000000000 0.260000000000 0.002641632521
0.220000000000 0.260000000000 -0.000074043305
0.260000000000 0.260000000000 -0.002785066716
0.300000000000 0.260000000000 -0.005321094140
0.340000000000 0.260000000000 -0.007522777642
0.380000000000 0.260000000000 -0.009251777335
0.420000000000 0.260000000000 -0.010399453760
0.460000000000 0.260000000000 -0.010893694044
0.500000000000 0.260000000000 -0.010703442822
0.540000000000 0.260000000000 -0.009840653009
0.580000000000 0.260000000000 -0.008359533132
0.620000000000 0.260000000000 -0.006353136536
0.660000000000 0.260000000000 -0.003947501127
0.700000000000 0.260000000000 -0.001293692158
0.740000000000 0.260000000000 0.001441795236
0.780000000000 0.260000000000 0.004087787331
0.820000000000 0.260000000000 0.006479968545
0.860000000000 0.260000000000 0.008473261521
0.900000000000 0.260000000000 0.009956177705
0.940000000000 0.260000000000 0.010870543949
0.980000000000 0.260000000000 0.011243856214
0.020000000000 0.300000000000 0.039357300063
0.060000000000 0.300000000000 0.021899542111
0.100000000000 0.300000000000 0.018050549430
0.140000000000 0.300000000000 0.013067374343
0.180000000000 0.300000000000 0.007263128068
0.220000000000 0.300000000000 0.001002512745
0.260000000000 0.300000000000 -0.005321094140
0.300000000000 0.300000000000 -0.011310357109
0.340000000000 0.300000000000 -0.016588948736
0.380000000000 0.300000000000 -0.020825195682
0.420000000000 0.300000000000 -0.023752918922
0.460000000000 0.300000000000 -0.025188158693
0.500000000000 0.300000000000 -0.025040733154
0.540000000000 0.300000000000 -0.023319904244
0.580000000000 0.300000000000 -0.020133793920
0.620000000000 0.300000000000 -0.015682585119
0.660000000000 0.300000000000 -0.010245927853
0.700000000000 0.300000000000 -0.004165322057
0.740000000000 0.300000000000 0.002177472194
0.780000000000 0.300000000000 0.008384800028
0.820000000000 0.300000000000 0.014069167339
0.860000000000 0.300000000000 0.018880575806
0.900000000000 0.300000000000 0.022536732499
0.940000000000 0.300000000000 0.024862974416
0.980000000000 0.300000000000 0.025861732744
0.020000000000 0.340000000000 0.057441781330
0.060000000000 0.340000000000 0.033250626842
0.100000000000 0.340000000000 0.027552089293
0.140000000000 0.340000000000 0.020122352645
0.180000000000 0.340000000000 0.011428254575
0.220000000000 0.340000000000 0.002016077240
0.260000000000 0.340000000000 -0.007522777642
0.300000000000 0.340000000000 -0.016588948736
0.340000000000 0.340000000000 -0.024612775165
0.380000000000 0.340000000000 -0.031090090389
0.420000000000 0.340000000000 -0.035613900828
0.460000000000 0.340000000000 -0.037899958694
0.500000000000 0.340000000000 -0.037804622129
0.540000000000 0.340000000000 -0.035333880134
0.580000000000 0.340000000000 -0.030642974393
0.620000000000 0.340000000000 -0.024026639209
0.660000000000 0.340000000000 -0.015900565257
0.700000000000 0.340000000000 -0.006775229461
0.740000000000 0.340000000000 0.002776330557
0.780000000000 0.340000000000 0.012154964893
0.820000000000 0.340000000000 0.020774348597
0.860000000000 0.340000000000 0.028101554065
0.900000000000 0.340000000000 0.033701221495
0.940000000000 0.340000000000 0.037293172751
0.980000000000 0.340000000000 0.038854621482
0.020000000000 0.380000000000 0.071916984128
0.060000000000 0.380000000000 0.042512452409
0.100000000000 0.380000000000 0.035322430070
0.140000000000 0.380000000000 0.025912969542
0.180000000000 0.380000000000 0.014875301837
0.220000000000 0.380000000000 0.002902964210
0.260000000000 0.380000000000 -0.009251777335
0.300000000000 0.380000000000 -0.020825195682
0.340000000000 0.380000000000 -0.031090090389
0.380000000000 0.380000000000 -0.039401480359
0.420000000000 0.380000000000 -0.045237130354
0.460000000000 0.380000000000 -0.048230364898
0.500000000000 0.380000000000 -0.048193107658
0.540000000000 0.380000000000 -0.045127698390
0.580000000000 0.380000000000 -0.039226744099
0.620000000000 0.380000000000 -0.030861011209
0.660000000000 0.380000000000 -0.020556111688
0.700000000000 0.380000000000 -0.008959424305
0.740000000000 0.380000000000 0.003200741834
0.780000000000 0.380000000000 0.015161388581
0.820000000000 0.380000000000 0.026174201100
0.860000000000 0.380000000000 0.035556808302
0.900000000000 0.380000000000 0.042748138771
0.940000000000 0.380000000000 0.047380103857
0.980000000000 0.380000000000 0.049406131425
0.020000000000 0.420000000000 0.081873378036
0.060000000000 0.420000000000 0.049103064259
0.100000000000 0.420000000000 0.040873332692
0.140000000000 0.420000000000 0.030075379310
0.180000000000 0.420000000000 0.017387679237
0.220000000000 0.420000000000 0.003607447330
0.260000000000 0.420000000000 -0.010399453760
0.300000000000 0.420000000000 -0.023752918922
0.340000000000 0.420000000000 -0.035613900828
0.380000000000 0.420000000000 -0.045237130354
0.420000000000 0.420000000000 -0.052017944566
0.460000000000 0.420000000000 -0.055530279868
0.500000000000 0.420000000000 -0.055553442982
0.540000000000 0.420000000000 -0.052085977397
0.580000000000 0.420000000000 -0.045345753233
0.620000000000 0.420000000000 -0.035756272419
0.660000000000 0.420000000000 -0.023920042079
0.700000000000 0.420000000000 -0.010580665637
0.740000000000 0.420000000000 0.003424038653
0.780000000000 0.420000000000 0.017215166382
0.820000000000 0.420000000000 0.029929432199
0.860000000000 0.420000000000 0.040777897414
0.900000000000 0.420000000000 0.049109033180
0.940000000000 0.420000000000 0.054489968696
0.980000000000 0.420000000000 0.056853272337
0.020000000000 0.460000000000 0.086685365624
0.060000000000 0.460000000000 0.052608350026
0.100000000000 0.460000000000 0.043856013585
0.140000000000 0.460000000000 0.032348042520
0.180000000000 0.460000000000 0.018807524975
0.220000000000 0.460000000000 0.004085261467
0.260000000000 0.460000000000 -0.010893694044
0.300000000000 0.460000000000 -0.025188158693
0.340000000000 0.460000000000 -0.037899958694
0.380000000000 0.460000000000 -0.048230364898
0.420000000000 0.460000000000 -0.055530279868
0.460000000000 0.460000000000 -0.059341023029
0.500000000000 0.460000000000 -0.059423151124
0.540000000000 0.460000000000 -0.055771502892
0.580000000000 0.460000000000 -0.048615521983
0.620000000000 0.460000000000 -0.038404835644
0.660000000000 0.460000000000 -0.025780988414
0.700000000000 0.460000000000 -0.011537085033
0.740000000000 0.460000000000 0.003432190302
0.780000000000 0.460000000000 0.018187251718
0.820000000000 0.460000000000 0.031804086738
0.860000000000 0.460000000000 0.043436760993
0.900000000000 0.460000000000 0.052384226153
0.940000000000 0.460000000000 0.058176028128
0.980000000000 0.460000000000 0.060728112784
0.020000000000 0.500000000000 0.086050590239
0.060000000000 0.500000000000 0.052808059730
0.100000000000 0.500000000000 0.044083060066
0.140000000000 0.500000000000 0.032588159612
0.180000000000 0.500000000000 0.019045625239
0.220000000000 0.500000000000 0.004306384187
0.260000000000 0.500000000000 -0.010703442822
0.300000000000 0.500000000000 -0.025040733154
0.340000000000 0.500000000000 -0.037804622129
0.380000000000 0.500000000000 -0.048193107658
0.420000000000 0.500000000000 -0.055553442982
0.460000000000 0.500000000000 -0.059423151124
0.500000000000 0.500000000000 -0.059559083941
0.540000000000 0.500000000000 -0.055952699715
0.580000000000 0.500000000000 -0.048830598827
0.620000000000 0.500000000000 -0.038640282099
0.660000000000 0.500000000000 -0.026022020873
0.700000000000 0.500000000000 -0.011768587511
0.740000000000 0.500000000000 0.003224684150
0.780000000000 0.500000000000 0.018016564408
0.820000000000 0.500000000000 0.031680372763
0.860000000000 0.500000000000 0.043366332329
0.900000000000 0.500000000000 0.052367924728
0.940000000000 0.500000000000 0.058206672941
0.980000000000 0.500000000000 0.060787181745
0.020000000000 0.540000000000 0.080008931819
0.060000000000 0.540000000000 0.049689644811
0.100000000000 0.540000000000 0.041540206244
0.140000000000 0.540000000000 0.030780643743
0.180000000000 0.540000000000 0.018087020193
0.220000000000 0.540000000000 0.004256922645
0.260000000000 0.540000000000 -0.009840653009
0.300000000000 0.540000000000 -0.023319904244
0.340000000000 0.540000000000 -0.035333880134
0.380000000000 0.540000000000 -0.045127698390
0.420000000000 0.540000000000 -0.052085977397
0.460000000000 0.540000000000 -0.055771502892
0.500000000000 0.540000000000 -0.055952699715
0.540000000000 0.540000000000 -0.052618182370
0.580000000000 0.540000000000 -0.045977469805
0.620000000000 0.540000000000 -0.036447818263
0.660000000000 0.540000000000 -0.024627995260
0.700000000000 0.540000000000 -0.011260627952
0.740000000000 0.540000000000 0.002814557316
0.780000000000 0.540000000000 0.016713827944
0.820000000000 0.540000000000 0.029566062149
0.860000000000 0.540000000000 0.040571035119
0.900000000000 0.540000000000 0.049061151563
0.940000000000 0.540000000000 0.054579975976
0.980000000000 0.540000000000 0.057026766068
0.020000000000 0.580000000000 0.068939994041
0.060000000000 0.580000000000 0.043449046213
0.100000000000 0.580000000000 0.036387229476
0.140000000000 0.580000000000 0.027039069288
0.180000000000 0.580000000000 0.015991944934
0.220000000000 0.580000000000 0.003939987865
0.260000000000 0.580000000000 -0.008359533132
0.300000000000 0.580000000000 -0.020133793920
0.340000000000 0.580000000000 -0.030642974393
0.380000000000 0.580000000000 -0.039226744099
0.420000000000 0.580000000000 -0.045345753233
0.460000000000 0.580000000000 -0.048615521983
0.500000000000 0.580000000000 -0.048830598827
0.540000000000 0.580000000000 -0.045977469805
0.580000000000 0.580000000000 -0.040235407496
0.620000000000 0.580000000000 -0.031965205727
0.660000000000 0.580000000000 -0.021686505335
0.700000000000 0.580000000000 -0.010045126200
0.740000000000 0.580000000000 0.002227575979
0.780000000000 0.580000000000 0.014360893901
0.820000000000 0.580000000000 0.025594000284
0.860000000000 0.580000000000 0.035226503422
0.900000000000 0.580000000000 0.042671678521
0.940000000000 0.580000000000 0.047523811048
0.980000000000 0.580000000000 0.049683141598
0.020000000000 0.620000000000 0.053539231685
0.060000000000 0.620000000000 0.034478381059
0.100000000000 0.620000000000 0.028947910744
0.140000000000 0.620000000000 0.021598536734
0.180000000000 0.620000000000 0.012892047227
0.220000000000 0.620000000000 0.003375502979
0.260000000000 0.620000000000 -0.006353136536
0.300000000000 0.620000000000 -0.015682585119
0.340000000000 0.620000000000 -0.024026639209
0.380000000000 0.620000000000 -0.030861011209
0.420000000000 0.620000000000 -0.035756272419
0.460000000000 0.620000000000 -0.038404835644
0.500000000000 0.620000000000 -0.038640282099
0.540000000000 0.620000000000 -0.036447818263
0.580000000000 0.620000000000 -0.031965205727
0.620000000000 0.620000000000 -0.025474105620
0.660000000000 0.620000000000 -0.017382380876
0.700000000000 0.620000000000 -0.008198464610
0.740000000000 0.620000000000 0.001500612087
0.780000000000 0.620000000000 0.011105593708
0.820000000000 0.620000000000 0.020013753070
0.860000000000 0.620000000000 0.027668539685
0.900000000000 0.620000000000 0.033600965164
0.940000000000 0.620000000000 0.037481528278
0.980000000000 0.620000000000 0.039217720566
0.020000000000 0.660000000000 0.034774192057
0.060000000000 0.660000000000 0.023341298183
0.100000000000 0.660000000000 0.019689688197
0.140000000000 0.660000000000 0.014800902689
0.180000000000 0.660000000000 0.008982122030
0.220000000000 0.660000000000 0.002598961610
0.260000000000 0.660000000000 -0.003947501127
0.300000000000 0.660000000000 -0.010245927853
0.340000000000 0.660000000000 -0.015900565257
0.380000000000 0.660000000000 -0.020556111688
0.420000000000 0.660000000000 -0.023920042079
0.460000000000 0.660000000000 -0.025780988414
0.500000000000 0.660000000000 -0.026022020873
0.540000000000 0.660000000000 -0.024627995260
0.580000000000 0.660000000000 -0.021686505335
0.620000000000 0.660000000000 -0.017382380876
0.660000000000 0.660000000000 -0.011986078525
0.700000000000 0.660000000000 -0.005836697110
0.740000000000 0.660000000000 0.000679314536
0.780000000000 0.660000000000 0.007152434920
0.820000000000 0.660000000000 0.013175908694
0.860000000000 0.660000000000 0.018371996553
0.900000000000 0.660000000000 0.022418914333
0.940000000000 0.660000000000 0.025084077237
0.980000000000 0.660000000000 0.026288039761
0.020000000000 0.700000000000 0.013823544968
0.060000000000 0.700000000000 0.010737538868
0.100000000000 0.700000000000 0.009194275641
0.140000000000 0.700000000000 0.007073302262
0.180000000000 0.700000000000 0.004507887287
0.220000000000 0.700000000000 0.001659225175
0.260000000000 0.700000000000 -0.001293692158
0.300000000000 0.700000000000 -0.004165322057
0.340000000000 0.700000000000 -0.006775229461
0.380000000000 0.700000000000 -0.008959424305
0.420000000000 0.700000000000 -0.010580665637
0.460000000000 0.700000000000 -0.011537085033
0.500000000000 0.700000000000 -0.011768587511
0.540000000000 0.700000000000 -0.011260627952
0.580000000000 0.700000000000 -0.010045126200
0.620000000000 0.700000000000 -0.008198464610
0.660000000000 0.700000000000 -0.005836697110
0.700000000000 0.700000000000 -0.003108278880
0.740000000000 0.700000000000 -0.000184792278
0.780000000000 0.700000000000 0.002749708594
0.820000000000 0.700000000000 0.005509998998
0.860000000000 0.700000000000 0.007920885418
0.900000000000 0.700000000000 0.009828005634
0.940000000000 0.700000000000 0.011110303520
0.980000000000 0.700000000000 0.011706386263
0.020000000000 0.740000000000 -0.007997480712
0.060000000000 0.740000000000 -0.002541112340
0.100000000000 0.740000000000 -0.001878933781
0.140000000000 0.740000000000 -0.001098694901
0.180000000000 0.740000000000 -0.000249420981
0.220000000000 0.740000000000 0.000615524977
0.260000000000 0.740000000000 0.001441795236
0.300000000000 0.740000000000 0.002177472194
0.340000000000 0.740000000000 0.002776330557
0.380000000000 0.740000000000 0.003200741834
0.420000000000 0.740000000000 0.003424038653
0.460000000000 0.740000000000 0.003432190302
0.500000000000 0.740000000000 0.003224684150
0.540000000000 0.740000000000 0.002814557316
0.580000000000 0.740000000000 0.002227575979
0.620000000000 0.740000000000 0.001500612087
0.660000000000 0.740000000000 0.000679314536
0.700000000000 0.740000000000 -0.000184792278
0.740000000000 0.740000000000 -0.001037635898
0.780000000000 0.740000000000 -0.001826232504
0.820000000000 0.740000000000 -0.002502634378
0.860000000000 0.740000000000 -0.003028480621
0.900000000000 0.740000000000 -0.003381015066
0.940000000000 0.740000000000 -0.003562164355
0.980000000000 0.740000000000 -0.003611417961
0.020000000000 0.780000000000 -0.029321165693
0.060000000000 0.780000000000 -0.015660860747
0.100000000000 0.780000000000 -0.012834474593
0.140000000000 0.780000000000 -0.009201651199
0.180000000000 0.780000000000 -0.004990654219
0.220000000000 0.780000000000 -0.000466076080
0.260000000000 0.780000000000 0.004087787331
0.300000000000 0.780000000000 0.008384800028
0.340000000000 0.780000000000 0.012154964893
0.380000000000 0.780000000000 0.015161388581
0.420000000000 0.780000000000 0.017215166382
0.460000000000 0.780000000000 0.018187251718
0.500000000000 0.780000000000 0.018016564408
0.540000000000 0.780000000000 0.016713827944
0.580000000000 0.780000000000 0.014360893901
0.620000000000 0.780000000000 0.011105593708
0.660000000000 0.780000000000 0.007152434920
0.700000000000 0.780000000000 0.002749708594
0.740000000000 0.780000000000 -0.001826232504
0.780000000000 0.780000000000 -0.006288676392
0.820000000000 0.780000000000 -0.010359502211
0.860000000000 0.780000000000 -0.013789199994
0.900000000000 0.780000000000 -0.016379330281
0.940000000000 0.780000000000 -0.018012584625
0.980000000000 0.780000000000 -0.018704089783
0.020000000000 0.820000000000 -0.048817240649
0.060000000000 0.820000000000 -0.027799246495
0.100000000000 0.820000000000 -0.022985150832
0.140000000000 0.820000000000 -0.016726813608
0.180000000000 0.820000000000 -0.009417469170
0.220000000000 0.820000000000 -0.001516390508
0.260000000000 0.820000000000 0.006479968545
0.300000000000 0.820000000000 0.014069167339
0.340000000000 0.820000000000 0.020774348597
0.380000000000 0.820000000000 0.026174201100
0.420000000000 0.820000000000 0.029929432199
0.460000000000 0.820000000000 0.031804086738
0.500000000000 0.820000000000 0.031680372763
0.540000000000 0.820000000000 0.029566062149
0.580000000000 0.820000000000 0.025594000284
0.620000000000 0.820000000000 0.020013753070
0.660000000000 0.820000000000 0.013175908694
0.700000000000 0.820000000000 0.005509998998
0.740000000000 0.820000000000 -0.002502634378
0.780000000000 0.820000000000 -0.010359502211
0.820000000000 0.820000000000 -0.017569737222
0.860000000000 0.820000000000 -0.023688332727
0.900000000000 0.820000000000 -0.028353640156
0.940000000000 0.820000000000 -0.031336526816
0.980000000000 0.820000000000 -0.032626873666
0.020000000000 0.860000000000 -0.065287521970
0.060000000000 0.860000000000 -0.038199997954
0.100000000000 0.860000000000 -0.031697496477
0.140000000000 0.860000000000 -0.023203324721
0.180000000000 0.860000000000 -0.013251202737
0.220000000000 0.860000000000 -0.002466458950
0.260000000000 0.860000000000 0.008473261521
0.300000000000 0.860000000000 0.018880575806
0.340000000000 0.860000000000 0.028101554065
0.380000000000 0.860000000000 0.035556808302
0.420000000000 0.860000000000 0.040777897414
0.460000000000 0.860000000000 0.043436760993
0.500000000000 0.860000000000 0.043366332329
0.540000000000 0.860000000000 0.040571035119
0.580000000000 0.860000000000 0.035226503422
0.620000000000 0.860000000000 0.027668539685
0.660000000000 0.860000000000 0.018371996553
0.700000000000 0.860000000000 0.007920885418
0.740000000000 0.860000000000 -0.003028480621
0.780000000000 0.860000000000 -0.013789199994
0.820000000000 0.860000000000 -0.023688332727
0.860000000000 0.860000000000 -0.032113230209
0.900000000000 0.860000000000 -0.038561740565
0.940000000000 0.860000000000 -0.042707396405
0.980000000000 0.860000000000 -0.044515667517
0.020000000000 0.900000000000 -0.077771172965
0.060000000000 0.900000000000 -0.046230970515
0.100000000000 0.900000000000 -0.038439459792
0.140000000000 0.900000000000 -0.028232656440
0.180000000000 0.900000000000 -0.016251891452
0.220000000000 0.900000000000 -0.003249960354
0.260000000000 0.900000000000 0.009956177705
0.300000000000 0.900000000000 0.022536732499
0.340000000000 0.900000000000 0.033701221495
0.380000000000 0.900000000000 0.042748138771
0.420000000000 0.900000000000 0.049109033180
0.460000000000 0.900000000000 0.052384226153
0.500000000000 0.900000000000 0.052367924728
0.540000000000 0.900000000000 0.049061151563
0.580000000000 0.900000000000 0.042671678521
0.620000000000 0.900000000000 0.033600965164
0.660000000000 0.900000000000 0.022418914333
0.700000000000 0.900000000000 0.009828005634
0.740000000000 0.900000000000 -0.003381015066
0.780000000000 0.900000000000 -0.016379330281
0.820000000000 0.900000000000 -0.028353640156
0.860000000000 0.900000000000 -0.038561740565
0.900000000000 0.900000000000 -0.046392364462
0.940000000000 0.900000000000 -0.051442393281
0.980000000000 0.900000000000 -0.053655607559
0.020000000000 0.940000000000 -0.085684582046
0.060000000000 0.940000000000 -0.051457663075
0.100000000000 0.940000000000 -0.042840511440
0.140000000000 0.940000000000 -0.031531532915
0.180000000000 0.940000000000 -0.018241312212
0.220000000000 0.940000000000 -0.003804922777
0.260000000000 0.940000000000 0.010870543949
0.300000000000 0.940000000000 0.024862974416
0.340000000000 0.940000000000 0.037293172751
0.380000000000 0.940000000000 0.047380103857
0.420000000000 0.940000000000 0.054489968696
0.460000000000 0.940000000000 0.058176028128
0.500000000000 0.940000000000 0.058206672941
0.540000000000 0.940000000000 0.054579975976
0.580000000000 0.940000000000 0.047523811048
0.620000000000 0.940000000000 0.037481528278
0.660000000000 0.940000000000 0.025084077237
0.700000000000 0.940000000000 0.011110303520
0.740000000000 0.940000000000 -0.003562164355
0.780000000000 0.940000000000 -0.018012584625
0.820000000000 0.940000000000 -0.031336526816
0.860000000000 0.940000000000 -0.042707396405
0.900000000000 0.940000000000 -0.051442393281
0.940000000000 0.940000000000 -0.057087206371
0.980000000000 0.940000000000 -0.059568856344
0.020000000000 0.980000000000 -0.089062752530
0.060000000000 0.980000000000 -0.053779028062
0.100000000000 0.980000000000 -0.044803753652
0.140000000000 0.980000000000 -0.033013294624
0.180000000000 0.980000000000 -0.019148488880
0.220000000000 0.980000000000 -0.004080513157
0.260000000000 0.980000000000 0.011243856214
0.300000000000 0.980000000000 0.025861732744
0.340000000000 0.980000000000 0.038854621482
0.380000000000 0.980000000000 0.049406131425
0.420000000000 0.980000000000 0.056853272337
0.460000000000 0.980000000000 0.060728112784
0.500000000000 0.980000000000 0.060787181745
0.540000000000 0.980000000000 0.057026766068
0.580000000000 0.980000000000 0.049683141598
0.620000000000 0.980000000000 0.039217720566
0.660000000000 0.980000000000 0.026288039761
0.700000000000 0.980000000000 0.011706386263
0.740000000000 0.980000000000 -0.003611417961
0.780000000000 0.980000000000 -0.018704089783
0.820000000000 0.980000000000 -0.032626873666
0.860000000000 0.980000000000 -0.044515667517
0.900000000000 0.980000000000 -0.053655607559
0.940000000000 0.980000000000 -0.059568856344
0.980000000000 0.980000000000 -0.062173238499
