Tabela de valores para implementação em 2.8e-05s
t;x;U(x);exact_solution
0.008910891089;0.009900990099;0.006216963743;0.006220935426
0.008910891089;0.019801980198;0.068362548950;0.068377336067
0.008910891089;0.029702970297;0.130243652735;0.130269198078
0.008910891089;0.039603960396;0.191620869130;0.191657073869
0.008910891089;0.049504950495;0.252256741608;0.252303465673
0.008910891089;0.059405940594;0.311916681757;0.311973744384
0.008910891089;0.069306930693;0.370369876861;0.370437057283
0.008910891089;0.079207920792;0.427390182861;0.427467221172
0.008910891089;0.089108910891;0.482756999272;0.482843597424
0.008910891089;0.099009900990;0.536256122636;0.536351945599
0.008910891089;0.108910891089;0.587680575239;0.587785252292
0.008910891089;0.118811881188;0.636831405863;0.636944532032
0.008910891089;0.128712871287;0.683518459494;0.683639597114
0.008910891089;0.138613861386;0.727561112990;0.727689793404
0.008910891089;0.148514851485;0.768788973881;0.768924699249
0.008910891089;0.158415841584;0.807042539583;0.807184784810
0.008910891089;0.168316831683;0.842173814480;0.842322029248
0.008910891089;0.178217821782;0.874046882497;0.874200493390
0.008910891089;0.188118811881;0.902538432923;0.902696845652
0.008910891089;0.198019801980;0.927538237487;0.927700839183
0.008910891089;0.207920792079;0.948949576799;0.949115738388
0.008910891089;0.217821782178;0.966689614549;0.966858693184
0.008910891089;0.227722772277;0.980689717976;0.980861059524
0.008910891089;0.237623762376;0.990895723400;0.991068664975
0.008910891089;0.247524752475;0.997268145769;0.997442018293
0.008910891089;0.257425742574;0.999782331418;0.999956462212
0.008910891089;0.267326732673;0.998428553452;0.998602268838
0.008910891089;0.277227722772;0.993212049375;0.993384677281
0.008910891089;0.287128712871;0.984153000827;0.984323873390
0.008910891089;0.297029702970;0.971286455507;0.971454911654
0.008910891089;0.306930693069;0.954662191581;0.954827579588
0.008910891089;0.316831683168;0.934344525094;0.934506205107
0.008910891089;0.326732673267;0.910412061153;0.910569407663
0.008910891089;0.336633663366;0.882957389810;0.883109794074
0.008910891089;0.346534653465;0.852086727855;0.852233600251
0.008910891089;0.356435643564;0.817919507883;0.818060280190
0.008910891089;0.366336633663;0.780587916230;0.780722043828
0.008910891089;0.376237623762;0.740236381571;0.740363345546
0.008910891089;0.386138613861;0.697021016156;0.697140325308
0.008910891089;0.396039603960;0.651109011838;0.651220204584
0.008910891089;0.405940594059;0.602677993242;0.602780639399
0.008910891089;0.415841584158;0.551915330571;0.552009033020
0.008910891089;0.425742574257;0.499017414705;0.499101810930
0.008910891089;0.435643564356;0.444188897404;0.444263660892
0.008910891089;0.445544554455;0.387641899550;0.387706741057
0.008910891089;0.455445544554;0.329595190493;0.329649859159
0.008910891089;0.465346534653;0.270273341673;0.270317625995
0.008910891089;0.475247524752;0.209905857800;0.209939586451
0.008910891089;0.485148514851;0.148726288941;0.148749331431
0.008910891089;0.495049504950;0.086971326963;0.086983594146
0.008910891089;0.504950495050;0.024879889816;0.024881334232
0.008910891089;0.514851485149;-0.037307802791;-0.037317186730
0.008910891089;0.524752475248;-0.099351158757;-0.099371334747
0.008910891089;0.534653465347;-0.161010144390;-0.161041034373
0.008910891089;0.544554455446;-0.222046213054;-0.222087697523
0.008910891089;0.554455445545;-0.282223228055;-0.282275146515
0.008910891089;0.564356435644;-0.341308376214;-0.341370527803
0.008910891089;0.574257425743;-0.399073068571;-0.399145212835
0.008910891089;0.584158415842;-0.455293824752;-0.455375682579
0.008910891089;0.594059405941;-0.509753137573;-0.509844392273
0.008910891089;0.603960396040;-0.562240314534;-0.562340613058
0.008910891089;0.613861386139;-0.612552292942;-0.612661247256
0.008910891089;0.623762376238;-0.660494425528;-0.660611614109
0.008910891089;0.633663366337;-0.705881233494;-0.706006202961
0.008910891089;0.643564356436;-0.748537124098;-0.748669390969
0.008910891089;0.653465346535;-0.788297069984;-0.788436122544
0.008910891089;0.663366336634;-0.825007247646;-0.825152547928
0.008910891089;0.673267326733;-0.858525632540;-0.858676618405
0.008910891089;0.683168316832;-0.888722548544;-0.888878635858
0.008910891089;0.693069306931;-0.915481169658;-0.915641754548
0.008910891089;0.702970297030;-0.938697971974;-0.938862433170
0.008910891089;0.712871287129;-0.958283134195;-0.958450835427
0.008910891089;0.722772277228;-0.974160885133;-0.974331177598
0.008910891089;0.732673267327;-0.986269796854;-0.986442021724
0.008910891089;0.742574257426;-0.994563022330;-0.994736513300
0.008910891089;0.752475247525;-0.999008476684;-0.999182562551
0.008910891089;0.762376237624;-0.999588961317;-0.999762968577
0.008910891089;0.772277227723;-0.996302230445;-0.996475485897
0.008910891089;0.782178217822;-0.989160999793;-0.989332833146
0.008910891089;0.792079207921;-0.978192897394;-0.978362643858
0.008910891089;0.801980198020;-0.963440356705;-0.963607359564
0.008910891089;0.811881188119;-0.944960452442;-0.945124065594
0.008910891089;0.821782178218;-0.922824679762;-0.922984270221
0.008910891089;0.831683168317;-0.897118677672;-0.897273628011
0.008910891089;0.841584158416;-0.867941897698;-0.868091608446
0.008910891089;0.851485148515;-0.835407219134;-0.835551111089
0.008910891089;0.861386138614;-0.799640512332;-0.799778028804
0.008910891089;0.871287128713;-0.760780151732;-0.760910760696
0.008910891089;0.881188118812;-0.718976480519;-0.719099676675
0.008910891089;0.891089108911;-0.674391228977;-0.674506535702
0.008910891089;0.900990099010;-0.627196888782;-0.627303859977
0.008910891089;0.910891089109;-0.577576045667;-0.577674267482
0.008910891089;0.920792079208;-0.525720673037;-0.525809765470
0.008910891089;0.930693069307;-0.471831389252;-0.471911007622
0.008910891089;0.940594059406;-0.416116681484;-0.416186517763
0.008910891089;0.950495049505;-0.358792099113;-0.358851883118
0.008910891089;0.960396039604;-0.300079419812;-0.300128920250
0.008910891089;0.970297029703;-0.240205791532;-0.240244816896
0.008910891089;0.980198019802;-0.179402853708;-0.179431253016
0.008910891089;0.990099009901;-0.117905841095;-0.117923504476
0.017821782178;0.009900990099;-0.099898293242;-0.049747262523
0.017821782178;0.019801980198;0.012431522264;0.012441630099
0.017821782178;0.029702970297;0.074550659328;0.074582388471
0.017821782178;0.039603960396;0.136381374374;0.136434602071
0.017821782178;0.049504950495;0.197684456378;0.197758976700
0.017821782178;0.059405940594;0.258222735623;0.258318260266
0.017821782178;0.069306930693;0.317762001268;0.317878160667
0.017821782178;0.079207920792;0.376071907461;0.376208252217
0.017821782178;0.089108910891;0.432926864502;0.433082867124
0.017821782178;0.099009900990;0.488106911608;0.488281968552
0.017821782178;0.108910891089;0.541398567896;0.541592001900
0.017821782178;0.118811881188;0.592595658302;0.592806721007
0.017821782178;0.128712871287;0.641500111227;0.641727986073
0.017821782178;0.138613861386;0.687922724844;0.688166530228
0.017821782178;0.148514851485;0.731683899079;0.731942691766
0.017821782178;0.158415841584;0.772614330451;0.772887109221
0.017821782178;0.168316831683;0.810555667072;0.810841376598
0.017821782178;0.178217821782;0.845361121282;0.845658656208
0.017821782178;0.188118811881;0.876896037539;0.877204246762
0.017821782178;0.198019801980;0.905038413380;0.905356104496
0.017821782178;0.207920792079;0.929679371418;0.930005315343
0.017821782178;0.217821782178;0.950723580574;0.951056516295
0.017821782178;0.227722772277;0.968089624892;0.968428264344
0.017821782178;0.237623762376;0.981710318519;0.982053351573
0.017821782178;0.247524752475;0.991532965637;0.991879065165
0.017821782178;0.257425742574;0.997519564334;0.997867391343
0.017821782178;0.267326732673;0.999646953622;0.999995162437
0.017821782178;0.277227722772;0.997906903045;0.998254146514
0.017821782178;0.287128712871;0.992306144520;0.992651079226
0.017821782178;0.297029702970;0.982866346295;0.983207637752
0.017821782178;0.306930693069;0.969624029115;0.969960356932
0.017821782178;0.316831683168;0.952630424932;0.952960487923
0.017821782178;0.326732673267;0.931951278700;0.932273799915
0.017821782178;0.336633663366;0.907666594018;0.907980325686
0.017821782178;0.346534653465;0.879870323614;0.880174051967
0.017821782178;0.356435643564;0.848670005858;0.848962555830
0.017821782178;0.366336633663;0.814186348718;0.814466588490
0.017821782178;0.376237623762;0.776552762764;0.776819608144
0.017821782178;0.386138613861;0.735914845030;0.736167263644
0.017821782178;0.396039603960;0.692429815724;0.692666831014
0.017821782178;0.405940594059;0.646265909978;0.646486604978
0.017821782178;0.415841584158;0.597601726975;0.597805247858
0.017821782178;0.425742574257;0.546625538984;0.546811098368
0.017821782178;0.435643564356;0.493534562974;0.493701442965
0.017821782178;0.445544554455;0.438534197618;0.438681752590
0.017821782178;0.455445544554;0.381837228644;0.381964887736
0.017821782178;0.465346534653;0.323663005611;0.323770274934
0.017821782178;0.475247524752;0.264236593286;0.264323057837
0.017821782178;0.485148514851;0.203787900914;0.203853226178
0.017821782178;0.495049504950;0.142550792743;0.142594725988
0.017821782178;0.504950495050;0.080762183248;0.080784554506
0.017821782178;0.514851485149;0.018661120555;0.018661843276
0.017821782178;0.524752475248;-0.043512138388;-0.043533067000
0.017821782178;0.534653465347;-0.105517057320;-0.105559556298
0.017821782178;0.544554455446;-0.167113751257;-0.167177656178
0.017821782178;0.554455445545;-0.228063914554;-0.228148978184
0.017821782178;0.564356435644;-0.288131742871;-0.288237636115
0.017821782178;0.574257425743;-0.347084845450;-0.347211158628
0.017821782178;0.584158415842;-0.404695144189;-0.404841388619
0.017821782178;0.594059405941;-0.460739756034;-0.460905365925
0.017821782178;0.603960396040;-0.515001855269;-0.515186189909
0.017821782178;0.613861386139;-0.567271512375;-0.567473858608
0.017821782178;0.623762376238;-0.617346506201;-0.617566081190
0.017821782178;0.633663366337;-0.665033106325;-0.665269060576
0.017821782178;0.643564356436;-0.710146822555;-0.710398243207
0.017821782178;0.653465346535;-0.752513118686;-0.752779033042
0.017821782178;0.663366336634;-0.791968087750;-0.792247467039
0.017821782178;0.673267326733;-0.828359086136;-0.828650849493
0.017821782178;0.683168316832;-0.861545324140;-0.861848342790
0.017821782178;0.693069306931;-0.891398410656;-0.891711512278
0.017821782178;0.702970297030;-0.917802849890;-0.918124823155
0.017821782178;0.712871287129;-0.940656488197;-0.940986087453
0.017821782178;0.722772277228;-0.959870909289;-0.960206859381
0.017821782178;0.732673267327;-0.975371776305;-0.975712777507
0.017821782178;0.742574257426;-0.987099119401;-0.987443852446
0.017821782178;0.752475247525;-0.995007567766;-0.995354698947
0.017821782178;0.762376237624;-0.999066525148;-0.999414711483
0.017821782178;0.772277227723;-0.999260288230;-0.999608182654
0.017821782178;0.782178217822;-0.995588107380;-0.995934363957
0.017821782178;0.792079207921;-0.988064189553;-0.988407468684
0.017821782178;0.801980198020;-0.976717643325;-0.977056616929
0.017821782178;0.811881188119;-0.961592366279;-0.961925722934
0.017821782178;0.821782178218;-0.942746875174;-0.943073325187
0.017821782178;0.831683168317;-0.920254079553;-0.920572359953
0.017821782178;0.841584158416;-0.894200999674;-0.894509879095
0.017821782178;0.851485148515;-0.864688429841;-0.864986713289
0.017821782178;0.861386138614;-0.831830548454;-0.832117081928
0.017821782178;0.871287128713;-0.795754476272;-0.796028151230
0.017821782178;0.881188118812;-0.756599784611;-0.756859542257
0.017821782178;0.891089108911;-0.714517955365;-0.714762790748
0.017821782178;0.900990099010;-0.669671794957;-0.669900760857
0.017821782178;0.910891089109;-0.622234804470;-0.622447015061
0.017821782178;0.920792079208;-0.572390508404;-0.572585142685
0.017821782178;0.930693069307;-0.520331744658;-0.520508049627
0.017821782178;0.940594059406;-0.466259918475;-0.466417212043
0.017821782178;0.950495049505;-0.410384223247;-0.410521896874
0.017821782178;0.960396039604;-0.352920831183;-0.353038352238
0.017821782178;0.970297029703;-0.294092056984;-0.294188970800
0.017821782178;0.980198019802;-0.234125497749;-0.234201429386
0.017821782178;0.990099009901;-0.173253152447;-0.173307808139
0.026732673267;0.009900990099;-0.165358139789;-0.105559556298
0.026732673267;0.019801980198;-0.088665311692;-0.043533067000
0.026732673267;0.029702970297;0.018643435970;0.018661843276
0.026732673267;0.039603960396;0.080733730833;0.080784554506
0.026732673267;0.049504950495;0.142511682575;0.142594725988
0.026732673267;0.059405940594;0.203738284302;0.203853226178
0.026732673267;0.069306930693;0.264176662187;0.264323057837
0.026732673267;0.079207920792;0.323592991887;0.323770274934
0.026732673267;0.089108910891;0.381757403165;0.381964887736
0.026732673267;0.099009900990;0.438444869213;0.438681752590
0.026732673267;0.108910891089;0.493436077237;0.493701442965
0.026732673267;0.118811881188;0.546518276937;0.546811098368
0.026732673267;0.128712871287;0.597486103594;0.597805247858
0.026732673267;0.138613861386;0.646142372588;0.646486604978
0.026732673267;0.148514851485;0.692298842267;0.692666831014
0.026732673267;0.158415841584;0.735776942216;0.736167263644
0.026732673267;0.168316831683;0.776408464113;0.776819608144
0.026732673267;0.178217821782;0.814036212493;0.814466588490
0.026732673267;0.188118811881;0.848514612908;0.848962555830
0.026732673267;0.198019801980;0.879710275123;0.880174051967
0.026732673267;0.207920792079;0.907502509184;0.907980325686
0.026732673267;0.217821782178;0.931783792334;0.932273799915
0.026732673267;0.227722772277;0.952460185006;0.952960487923
0.026732673267;0.237623762376;0.969451694254;0.969960356932
0.026732673267;0.247524752475;0.982692583230;0.983207637752
0.026732673267;0.257425742574;0.992131625507;0.992651079226
0.026732673267;0.267326732673;0.997732303263;0.998254146514
0.026732673267;0.277227722772;0.999472948564;0.999995162437
0.026732673267;0.287128712871;0.997346827192;0.997867391343
0.026732673267;0.297029702970;0.991362164698;0.991879065165
0.026732673267;0.306930693069;0.981542114577;0.982053351573
0.026732673267;0.316831683168;0.967924668696;0.968428264344
0.026732673267;0.326732673267;0.950562510309;0.951056516295
0.026732673267;0.336633663366;0.929522810232;0.930005315343
0.026732673267;0.346534653465;0.904886966978;0.905356104496
0.026732673267;0.356435643564;0.876750291839;0.877204246762
0.026732673267;0.366336633663;0.845221640144;0.845658656208
0.026732673267;0.376237623762;0.810422990122;0.810841376598
0.026732673267;0.386138613861;0.772488970991;0.772887109221
0.026732673267;0.396039603960;0.731566342099;0.731942691766
0.026732673267;0.405940594059;0.687813425150;0.688166530228
0.026732673267;0.415841584158;0.641399491678;0.641727986073
0.026732673267;0.425742574257;0.592504108176;0.592806721007
0.026732673267;0.435643564356;0.541316441383;0.541592001900
0.026732673267;0.445544554455;0.488034526439;0.488281968552
0.026732673267;0.455445544554;0.432864500721;0.433082867124
0.026732673267;0.465346534653;0.376019806341;0.376208252217
0.026732673267;0.475247524752;0.317720364378;0.317878160667
0.026732673267;0.485148514851;0.258191724049;0.258318260266
0.026732673267;0.495049504950;0.197664190097;0.197758976700
0.026732673267;0.504950495050;0.136371931794;0.136434602071
0.026732673267;0.514851485149;0.074552076979;0.074582388471
0.026732673267;0.524752475248;0.012443794661;0.012441630099
0.026732673267;0.534653465347;-0.049712630281;-0.049747262523
0.026732673267;0.544554455446;-0.111676726714;-0.111743692650
0.026732673267;0.554455445545;-0.173208767586;-0.173307808139
0.026732673267;0.564356435644;-0.234070697386;-0.234201429386
0.026732673267;0.574257425743;-0.294027053129;-0.294188970800
0.026732673267;0.584158415842;-0.352845875324;-0.353038352238
0.026732673267;0.594059405941;-0.410299605373;-0.410521896874
0.026732673267;0.603960396040;-0.466165965957;-0.466417212043
0.026732673267;0.613861386139;-0.520228820980;-0.520508049627
0.026732673267;0.623762376238;-0.572279011757;-0.572585142685
0.026732673267;0.633663366337;-0.622115166213;-0.622447015061
0.026732673267;0.643564356436;-0.669544477948;-0.669900760857
0.026732673267;0.653465346535;-0.714383452168;-0.714762790748
0.026732673267;0.663366336634;-0.756458615593;-0.756859542257
0.026732673267;0.673267326733;-0.795607187589;-0.796028151230
0.026732673267;0.683168316832;-0.831677709936;-0.832117081928
0.026732673267;0.693069306931;-0.864530632792;-0.864986713289
0.026732673267;0.702970297030;-0.894038854579;-0.894509879095
0.026732673267;0.712871287129;-0.920088213720;-0.920572359953
0.026732673267;0.722772277228;-0.942577930306;-0.943073325187
0.026732673267;0.732673267327;-0.961420995991;-0.961925722934
0.026732673267;0.742574257426;-0.976544510615;-0.977056616929
0.026732673267;0.752475247525;-0.987889964238;-0.988407468684
0.026732673267;0.762376237624;-0.995413463504;-0.995934363957
0.026732673267;0.772277227723;-0.999085901456;-0.999608182654
0.026732673267;0.782178217822;-0.998893070145;-0.999414711483
0.026732673267;0.792079207921;-0.994835715597;-0.995354698947
0.026732673267;0.801980198020;-0.986929534930;-0.987443852446
0.026732673267;0.811881188119;-0.975205115620;-0.975712777507
0.026732673267;0.821782178218;-0.959707817168;-0.960206859381
0.026732673267;0.831683168317;-0.940497595612;-0.940986087453
0.026732673267;0.841584158416;-0.917648771565;-0.918124823155
0.026732673267;0.851485148515;-0.891249742691;-0.891711512278
0.026732673267;0.861386138614;-0.861402641703;-0.861848342790
0.026732673267;0.871287128713;-0.828222941236;-0.828650849493
0.026732673267;0.881188118812;-0.791839007106;-0.792247467039
0.026732673267;0.891089108911;-0.752391601686;-0.752779033042
0.026732673267;0.900990099010;-0.710033339324;-0.710398243207
0.026732673267;0.910891089109;-0.664928095908;-0.665269060576
0.026732673267;0.920792079208;-0.617250374864;-0.617566081190
0.026732673267;0.930693069307;-0.567184632030;-0.567473858608
0.026732673267;0.940594059406;-0.514924562040;-0.515186189909
0.026732673267;0.950495049505;-0.460672348953;-0.460905365925
0.026732673267;0.960396039604;-0.404637884041;-0.404841388619
0.026732673267;0.970297029703;-0.347037953763;-0.347211158628
0.026732673267;0.980198019802;-0.288095401061;-0.288237636115
0.026732673267;0.990099009901;-0.228038263219;-0.228148978184
0.035643564356;0.009900990099;-0.221714298202;-0.161041034373
0.035643564356;0.019801980198;-0.157688856980;-0.099371334747
0.035643564356;0.029702970297;-0.077934436926;-0.037317186730
0.035643564356;0.039603960396;0.024852465456;0.024881334232
0.035643564356;0.049504950495;0.086911526007;0.086983594146
0.035643564356;0.059405940594;0.148634342747;0.148749331431
0.035643564356;0.069306930693;0.209782122091;0.209939586451
0.035643564356;0.079207920792;0.270118295157;0.270317625995
0.035643564356;0.089108910891;0.329409433015;0.329649859159
0.035643564356;0.099009900990;0.387426149770;0.387706741057
0.035643564356;0.108910891089;0.443943990015;0.444263660892
0.035643564356;0.118811881188;0.498744297207;0.499101810930
0.035643564356;0.128712871287;0.551615059603;0.552009033020
0.035643564356;0.138613861386;0.602351730493;0.602780639399
0.035643564356;0.148514851485;0.650758019556;0.651220204584
0.035643564356;0.158415841584;0.696646652262;0.697140325308
0.035643564356;0.168316831683;0.739840094406;0.740363345546
0.035643564356;0.178217821782;0.780171238951;0.780722043828
0.035643564356;0.188118811881;0.817484052535;0.818060280190
0.035643564356;0.198019801980;0.851634179129;0.852233600251
0.035643564356;0.207920792079;0.882489498529;0.883109794074
0.035643564356;0.217821782178;0.909930637499;0.910569407663
0.035643564356;0.227722772277;0.933851431601;0.934506205107
0.035643564356;0.237623762376;0.954159335931;0.954827579588
0.035643564356;0.247524752475;0.970775783152;0.971454911654
0.035643564356;0.257425742574;0.983636487458;0.984323873390
0.035643564356;0.267326732673;0.992691693282;0.993384677281
0.035643564356;0.277227722772;0.997906367793;0.998602268838
0.035643564356;0.287128712871;0.999260336427;0.999956462212
0.035643564356;0.297029702970;0.996748360943;0.997442018293
0.035643564356;0.306930693069;0.990380159686;0.991068664975
0.035643564356;0.316831683168;0.980180369989;0.980861059524
0.035643564356;0.326732673267;0.966188452858;0.966858693184
0.035643564356;0.336633663366;0.948458540301;0.949115738388
0.035643564356;0.346534653465;0.927059225906;0.927700839183
0.035643564356;0.356435643564;0.902073299464;0.902696845652
0.035643564356;0.366336633663;0.873597426669;0.874200493390
0.035643564356;0.376237623762;0.841741775142;0.842322029248
0.035643564356;0.386138613861;0.806629588209;0.807184784810
0.035643564356;0.396039603960;0.768396708101;0.768924699249
0.035643564356;0.405940594059;0.727191050404;0.727689793404
0.035643564356;0.415841584158;0.683172031803;0.683639597114
0.035643564356;0.425742574257;0.636509953328;0.636944532032
0.035643564356;0.435643564356;0.587385341497;0.587785252292
0.035643564356;0.445544554455;0.535988249889;0.536351945599
0.035643564356;0.455445544554;0.482517523867;0.482843597424
0.035643564356;0.465346534653;0.427180031283;0.427467221172
0.035643564356;0.475247524752;0.370189862145;0.370437057283
0.035643564356;0.485148514851;0.311767500345;0.311973744384
0.035643564356;0.495049504950;0.252138970654;0.252303465673
0.035643564356;0.504950495050;0.191534964267;0.191657073869
0.035643564356;0.514851485149;0.130189946312;0.130269198078
0.035643564356;0.524752475248;0.068341248747;0.068377336067
0.035643564356;0.534653465347;0.006228152167;0.006220935426
0.035643564356;0.544554455446;-0.055909039924;-0.055959532806
0.035643564356;0.554455445545;-0.117829930801;-0.117923504476
0.035643564356;0.564356435644;-0.179294960566;-0.179431253016
0.035643564356;0.574257425743;-0.240066332960;-0.240244816896
0.035643564356;0.584158415842;-0.299908935349;-0.300128920250
0.035643564356;0.594059405941;-0.358591248329;-0.358851883118
0.035643564356;0.603960396040;-0.415886241432;-0.416186517763
0.035643564356;0.613861386139;-0.471572251460;-0.471911007622
0.035643564356;0.623762376238;-0.525433840058;-0.525809765470
0.035643564356;0.633663366337;-0.577262627203;-0.577674267482
0.035643564356;0.643564356436;-0.626858097387;-0.627303859977
0.035643564356;0.653465346535;-0.674028375370;-0.674506535702
0.035643564356;0.663366336634;-0.718590968510;-0.719099676675
0.035643564356;0.673267326733;-0.760373472792;-0.760910760696
0.035643564356;0.683168316832;-0.799214239823;-0.799778028804
0.035643564356;0.693069306931;-0.834963002222;-0.835551111089
0.035643564356;0.702970297030;-0.867481454971;-0.868091608446
0.035643564356;0.712871287129;-0.896643790493;-0.897273628011
0.035643564356;0.722772277228;-0.922337185379;-0.922984270221
0.035643564356;0.732673267327;-0.944462236874;-0.945124065594
0.035643564356;0.742574257426;-0.962933347453;-0.963607359564
0.035643564356;0.752475247525;-0.977679055977;-0.978362643858
0.035643564356;0.762376237624;-0.988642314164;-0.989332833146
0.035643564356;0.772277227723;-0.995780707299;-0.996475485897
0.035643564356;0.782178217822;-0.999066618325;-0.999762968577
0.035643564356;0.792079207921;-0.998487334690;-0.999182562551
0.035643564356;0.801980198020;-0.994045097530;-0.994736513300
0.035643564356;0.811881188119;-0.985757092999;-0.986442021724
0.035643564356;0.821782178218;-0.973655385775;-0.974331177598
0.035643564356;0.831683168317;-0.957786795013;-0.958450835427
0.035643564356;0.841584158416;-0.938212713207;-0.938862433170
0.035643564356;0.851485148515;-0.915008868678;-0.915641754548
0.035643564356;0.861386138614;-0.888265032592;-0.888878635858
0.035643564356;0.871287128713;-0.858084671656;-0.858676618405
0.035643564356;0.881188118812;-0.824584547823;-0.825152547928
0.035643564356;0.891089108911;-0.787894266564;-0.788436122544
0.035643564356;0.900990099010;-0.748155775450;-0.748669390969
0.035643564356;0.910891089109;-0.705522814983;-0.706006202961
0.035643564356;0.920792079208;-0.660160323804;-0.660611614109
0.035643564356;0.930693069307;-0.612243800580;-0.612661247256
0.035643564356;0.940594059406;-0.561958625031;-0.562340613058
0.035643564356;0.950495049505;-0.509499340731;-0.509844392273
0.035643564356;0.960396039604;-0.455068902461;-0.455375682579
0.035643564356;0.970297029703;-0.398877891013;-0.399145212835
0.035643564356;0.980198019802;-0.341143698493;-0.341370527803
0.035643564356;0.990099009901;-0.282089687277;-0.282275146515
0.044554455446;0.009900990099;-0.276046553102;-0.216017821976
0.044554455446;0.019801980198;-0.215311754080;-0.154898180214
0.044554455446;0.029702970297;-0.149713414974;-0.093179267484
0.044554455446;0.039603960396;-0.067655746687;-0.031099862270
0.044554455446;0.049504950495;0.031058371512;0.031099862270
0.044554455446;0.059405940594;0.093083807681;0.093179267484
0.044554455446;0.069306930693;0.154749120682;0.154898180214
0.044554455446;0.079207920792;0.215815739397;0.216017821976
0.044554455446;0.089108910891;0.276047408943;0.276301732751
0.044554455446;0.099009900990;0.335211104690;0.335516685798
0.044554455446;0.108910891089;0.393077933794;0.393433589967
0.044554455446;0.118811881188;0.449424020734;0.449828376008
0.044554455446;0.128712871287;0.504031373447;0.504482863449
0.044554455446;0.138613861386;0.556688726692;0.557185604695
0.044554455446;0.148514851485;0.607192359400;0.607732703081
0.044554455446;0.158415841584;0.655346882827;0.655928601700
0.044554455446;0.168316831683;0.700965996476;0.701586839985
0.044554455446;0.178217821782;0.743873208861;0.744530775081
0.044554455446;0.188118811881;0.783902520310;0.784594265246
0.044554455446;0.198019801980;0.820899065194;0.821622312620
0.044554455446;0.207920792079;0.854719711069;0.855471662881
0.044554455446;0.217821782178;0.885233612426;0.886011359468
0.044554455446;0.227722772277;0.912322716909;0.913123250229
0.044554455446;0.237623762376;0.935882222034;0.936702444524
0.044554455446;0.247524752475;0.955820980653;0.956657719031
0.044554455446;0.257425742574;0.972061853583;0.972911870671
0.044554455446;0.267326732673;0.984542008040;0.985402015289
0.044554455446;0.277227722772;0.993213160733;0.994079830940
0.044554455446;0.287128712871;0.998041764656;0.998911744843
0.044554455446;0.297029702970;0.999009138878;0.999879063260
0.044554455446;0.306930693069;0.996111540817;0.996978043826
0.044554455446;0.316831683168;0.989360180716;0.990219910020
0.044554455446;0.326732673267;0.978781178276;0.979630807749
0.044554455446;0.336633663366;0.964415461602;0.965251704193
0.044554455446;0.346534653465;0.946318608862;0.947138229311
0.044554455446;0.356435643564;0.924560633262;0.925360460617
0.044554455446;0.366336633663;0.899225712184;0.900002652069
0.044554455446;0.376237623762;0.870411861516;0.871162908100
0.044554455446;0.386138613861;0.838230556448;0.838952804078
0.044554455446;0.396039603960;0.802806300198;0.803496954639
0.044554455446;0.405940594059;0.764276142332;0.764932531575
0.044554455446;0.415841584158;0.722789148544;0.723408733147
0.044554455446;0.425742574257;0.678505823955;0.679086206866
0.044554455446;0.435643564356;0.631597492145;0.632136427974
0.044554455446;0.445544554455;0.582245632336;0.582741036046
0.044554455446;0.455445544554;0.530641177287;0.531091132257
0.044554455446;0.465346534653;0.476983774609;0.477386540051
0.044554455446;0.475247524752;0.421481014369;0.421835032062
0.044554455446;0.485148514851;0.364347625965;0.364651526283
0.044554455446;0.495049504950;0.305804647376;0.306057254588
0.044554455446;0.504950495050;0.246078570015;0.246278906832
0.044554455446;0.514851485149;0.185400462471;0.185547753829
0.044554455446;0.524752475248;0.124005076556;0.124098752613
0.044554455446;0.534653465347;0.062129939089;0.062169637431
0.044554455446;0.544554455446;0.000014432958;0.000000000000
0.044554455446;0.554455445545;-0.062101129012;-0.062169637431
0.044554455446;0.564356435644;-0.123976433778;-0.124098752613
0.044554455446;0.574257425743;-0.185372097806;-0.185547753829
0.044554455446;0.584158415842;-0.246050593199;-0.246278906832
0.044554455446;0.594059405941;-0.305777166647;-0.306057254588
0.044554455446;0.603960396040;-0.364320747639;-0.364651526283
0.044554455446;0.613861386139;-0.421454842435;-0.421835032062
0.044554455446;0.623762376238;-0.476958410319;-0.477386540051
0.044554455446;0.633663366337;-0.530616718772;-0.531091132257
0.044554455446;0.643564356436;-0.582222174221;-0.582741036046
0.044554455446;0.653465346535;-0.631575125185;-0.632136427974
0.044554455446;0.663366336634;-0.678484634684;-0.679086206866
0.044554455446;0.673267326733;-0.722769218939;-0.723408733147
0.044554455446;0.683168316832;-0.764257549495;-0.764932531575
0.044554455446;0.693069306931;-0.802789116063;-0.803496954639
0.044554455446;0.702970297030;-0.838214847497;-0.838952804078
0.044554455446;0.712871287129;-0.870397688523;-0.871162908100
0.044554455446;0.722772277228;-0.899213129982;-0.900002652069
0.044554455446;0.732673267327;-0.924549690529;-0.925360460617
0.044554455446;0.742574257426;-0.946309347932;-0.947138229311
0.044554455446;0.752475247525;-0.964407918306;-0.965251704193
0.044554455446;0.762376237624;-0.978775381796;-0.979630807749
0.044554455446;0.772277227723;-0.989356153478;-0.990219910020
0.044554455446;0.782178217822;-0.996109298402;-0.996978043826
0.044554455446;0.792079207921;-0.999008689961;-0.999879063260
0.044554455446;0.801980198020;-0.998043110974;-0.998911744843
0.044554455446;0.811881188119;-0.993216297077;-0.994079830940
0.044554455446;0.821782178218;-0.984546922277;-0.985402015289
0.044554455446;0.831683168317;-0.972068526699;-0.972911870671
0.044554455446;0.841584158416;-0.955829386832;-0.956657719031
0.044554455446;0.851485148515;-0.935892328754;-0.936702444524
0.044554455446;0.861386138614;-0.912334485069;-0.913123250229
0.044554455446;0.871287128713;-0.885246996499;-0.886011359468
0.044554455446;0.881188118812;-0.854734659273;-0.855471662881
0.044554455446;0.891089108911;-0.820915519697;-0.821622312620
0.044554455446;0.900990099010;-0.783920417453;-0.784594265246
0.044554455446;0.910891089109;-0.743892479403;-0.744530775081
0.044554455446;0.920792079208;-0.700986565865;-0.701586839985
0.044554455446;0.930693069307;-0.655368671482;-0.655928601700
0.044554455446;0.940594059406;-0.607215283025;-0.607732703081
0.044554455446;0.950495049505;-0.556712696601;-0.557185604695
0.044554455446;0.960396039604;-0.504056296904;-0.504482863449
0.044554455446;0.970297029703;-0.449449801317;-0.449828376008
0.044554455446;0.980198019802;-0.393104471761;-0.393433589967
0.044554455446;0.990099009901;-0.335238297371;-0.335516685798
0.053465346535;0.009900990099;-0.329318563418;-0.270317625995
0.053465346535;0.019801980198;-0.269973073200;-0.209939586451
0.053465346535;0.029702970297;-0.208751920170;-0.148749331431
0.053465346535;0.039603960396;-0.141507648145;-0.086983594146
0.053465346535;0.049504950495;-0.057784334867;-0.024881334232
0.053465346535;0.059405940594;0.037260915128;0.037317186730
0.053465346535;0.069306930693;0.099250338981;0.099371334747
0.053465346535;0.079207920792;0.160855782553;0.161041034373
0.053465346535;0.089108910891;0.221838906352;0.222087697523
0.053465346535;0.099009900990;0.281963778518;0.282275146515
0.053465346535;0.108910891089;0.340997787601;0.341370527803
0.053465346535;0.118811881188;0.398712542488;0.399145212835
0.053465346535;0.128712871287;0.454884756006;0.455375682579
0.053465346535;0.138613861386;0.509297108771;0.509844392273
0.053465346535;0.148514851485;0.561739089963;0.562340613058
0.053465346535;0.158415841584;0.612007811742;0.612661247256
0.053465346535;0.168316831683;0.659908794192;0.660611614109
0.053465346535;0.178217821782;0.705256717715;0.706006202961
0.053465346535;0.188118811881;0.747876140005;0.748669390969
0.053465346535;0.198019801980;0.787602174798;0.788436122544
0.053465346535;0.207920792079;0.824281129782;0.825152547928
0.053465346535;0.217821782178;0.857771101205;0.858676618405
0.053465346535;0.227722772277;0.887942522875;0.888878635858
0.053465346535;0.237623762376;0.914678667421;0.915641754548
0.053465346535;0.247524752475;0.937876097896;0.938862433170
0.053465346535;0.257425742574;0.957445067946;0.958450835427
0.053465346535;0.267326732673;0.973309869028;0.974331177598
0.053465346535;0.277227722772;0.985409123310;0.986442021724
0.053465346535;0.287128712871;0.993696021126;0.994736513300
0.053465346535;0.297029702970;0.998138502079;0.999182562551
0.053465346535;0.306930693069;0.998719379072;0.999762968577
0.053465346535;0.316831683168;0.995436404807;0.996475485897
0.053465346535;0.326732673267;0.988302280472;0.989332833146
0.053465346535;0.336633663366;0.977344606608;0.978362643858
0.053465346535;0.346534653465;0.962605776328;0.963607359564
0.053465346535;0.356435643564;0.944142811302;0.945124065594
0.053465346535;0.366336633663;0.922027141154;0.922984270221
0.053465346535;0.376237623762;0.896344327118;0.897273628011
0.053465346535;0.386138613861;0.867193731010;0.868091608446
0.053465346535;0.396039603960;0.834688130823;0.835551111089
0.053465346535;0.405940594059;0.798953284412;0.799778028804
0.053465346535;0.415841584158;0.760127442953;0.760910760696
0.053465346535;0.425742574257;0.718360816085;0.719099676675
0.053465346535;0.435643564356;0.673814990774;0.674506535702
0.053465346535;0.445544554455;0.626662306164;0.627303859977
0.053465346535;0.455445544554;0.577085186831;0.577674267482
0.053465346535;0.465346534653;0.525275437019;0.525809765470
0.053465346535;0.475247524752;0.471433498585;0.471911007622
0.053465346535;0.485148514851;0.415767675529;0.416186517763
0.053465346535;0.495049504950;0.358493328106;0.358851883118
0.053465346535;0.504950495050;0.299832039640;0.300128920250
0.053465346535;0.514851485149;0.240010759261;0.240244816896
0.053465346535;0.524752475248;0.179260923880;0.179431253016
0.053465346535;0.534653465347;0.117817562809;0.117923504476
0.053465346535;0.544554455446;0.055918388476;0.055959532806
0.053465346535;0.554455445545;-0.006197123239;-0.006220935426
0.053465346535;0.564356435644;-0.068288659489;-0.068377336067
0.053465346535;0.574257425743;-0.130116000181;-0.130269198078
0.053465346535;0.584158415842;-0.191439947345;-0.191657073869
0.053465346535;0.594059405941;-0.252023250544;-0.252303465673
0.053465346535;0.603960396040;-0.311631524746;-0.311973744384
0.053465346535;0.613861386139;-0.370034157119;-0.370437057283
0.053465346535;0.623762376238;-0.427005199223;-0.427467221172
0.053465346535;0.633663366337;-0.482324241165;-0.482843597424
0.053465346535;0.643564356436;-0.535777264317;-0.536351945599
0.053465346535;0.653465346535;-0.587157469318;-0.587785252292
0.053465346535;0.663366336634;-0.636266076135;-0.636944532032
0.053465346535;0.673267326733;-0.682913093109;-0.683639597114
0.053465346535;0.683168316832;-0.726918051994;-0.727689793404
0.053465346535;0.693069306931;-0.768110706152;-0.768924699249
0.053465346535;0.702970297030;-0.806331689207;-0.807184784810
0.053465346535;0.712871287129;-0.841433131599;-0.842322029248
0.053465346535;0.722772277228;-0.873279232669;-0.874200493390
0.053465346535;0.732673267327;-0.901746786036;-0.902696845652
0.053465346535;0.742574257426;-0.926725656269;-0.927700839183
0.053465346535;0.752475247525;-0.948119204970;-0.949115738388
0.053465346535;0.762376237624;-0.965844664655;-0.966858693184
0.053465346535;0.772277227723;-0.979833458964;-0.980861059524
0.053465346535;0.782178217822;-0.990031467970;-0.991068664975
0.053465346535;0.792079207921;-0.996399237558;-0.997442018293
0.053465346535;0.801980198020;-0.998912132062;-0.999956462212
0.053465346535;0.811881188119;-0.997560429584;-0.998602268838
0.053465346535;0.821782178218;-0.992349359597;-0.993384677281
0.053465346535;0.831683168317;-0.983299082719;-0.984323873390
0.053465346535;0.841584158416;-0.970444612712;-0.971454911654
0.053465346535;0.851485148515;-0.953835681024;-0.954827579588
0.053465346535;0.861386138614;-0.933536544386;-0.934506205107
0.053465346535;0.871287128713;-0.909625736212;-0.910569407663
0.053465346535;0.881188118812;-0.882195762776;-0.883109794074
0.053465346535;0.891089108911;-0.851352745315;-0.852233600251
0.053465346535;0.900990099010;-0.817216009473;-0.818060280190
0.053465346535;0.910891089109;-0.779917623648;-0.780722043828
0.053465346535;0.920792079208;-0.739601888049;-0.740363345546
0.053465346535;0.930693069307;-0.696424776426;-0.697140325308
0.053465346535;0.940594059406;-0.650553332636;-0.651220204584
0.053465346535;0.950495049505;-0.602165024383;-0.602780639399
0.053465346535;0.960396039604;-0.551447056631;-0.552009033020
0.053465346535;0.970297029703;-0.498595647345;-0.499101810930
0.053465346535;0.980198019802;-0.443815268361;-0.444263660892
0.053465346535;0.990099009901;-0.387317854322;-0.387706741057
0.062376237624;0.009900990099;-0.381517869279;-0.323770274934
0.062376237624;0.019801980198;-0.323384014396;-0.264323057837
0.062376237624;0.029702970297;-0.263850957897;-0.203853226178
0.062376237624;0.039603960396;-0.202027492967;-0.142594725988
0.062376237624;0.049504950495;-0.133135316818;-0.080784554506
0.062376237624;0.059405940594;-0.048279809868;-0.018661843276
0.062376237624;0.069306930693;0.043459857514;0.043533067000
0.062376237624;0.079207920792;0.105410883338;0.105559556298
0.062376237624;0.089108910891;0.166954094933;0.167177656178
0.062376237624;0.099009900990;0.227851393568;0.228148978184
0.062376237624;0.108910891089;0.287867179426;0.288237636115
0.062376237624;0.118811881188;0.346769263089;0.347211158628
0.062376237624;0.128712871287;0.404329763840;0.404841388619
0.062376237624;0.138613861386;0.460325991282;0.460905365925
0.062376237624;0.148514851485;0.514541306890;0.515186189909
0.062376237624;0.158415841584;0.566765962141;0.567473858608
0.062376237624;0.168316831683;0.616797909987;0.617566081190
0.062376237624;0.178217821782;0.664443586544;0.665269060576
0.062376237624;0.188118811881;0.709518659944;0.710398243207
0.062376237624;0.198019801980;0.751848743485;0.752779033042
0.062376237624;0.207920792079;0.791270070297;0.792247467039
0.062376237624;0.217821782178;0.827630126924;0.828650849493
0.062376237624;0.227722772277;0.860788243372;0.861848342790
0.062376237624;0.237623762376;0.890616137329;0.891711512278
0.062376237624;0.247524752475;0.916998410469;0.918124823155
0.062376237624;0.257425742574;0.939832994901;0.940986087453
0.062376237624;0.267326732673;0.959031548054;0.960206859381
0.062376237624;0.277227722772;0.974519794457;0.975712777507
0.062376237624;0.287128712871;0.986237813091;0.987443852446
0.062376237624;0.297029702970;0.994140269221;0.995354698947
0.062376237624;0.306930693069;0.998196589778;0.999414711483
0.062376237624;0.316831683168;0.998391081646;0.999608182654
0.062376237624;0.326732673267;0.994722992373;0.995934363957
0.062376237624;0.336633663366;0.987206513086;0.988407468684
0.062376237624;0.346534653465;0.975870723580;0.977056616929
0.062376237624;0.356435643564;0.960759479825;0.961925722934
0.062376237624;0.366336633663;0.941931244287;0.943073325187
0.062376237624;0.376237623762;0.919458859751;0.920572359953
0.062376237624;0.386138613861;0.893429267507;0.894509879095
0.062376237624;0.396039603960;0.863943170991;0.864986713289
0.062376237624;0.405940594059;0.831114646182;0.832117081928
0.062376237624;0.415841584158;0.795070700266;0.796028151230
0.062376237624;0.425742574257;0.755950780266;0.756859542257
0.062376237624;0.435643564356;0.713906233554;0.714762790748
0.062376237624;0.445544554455;0.669099722313;0.669900760857
0.062376237624;0.455445544554;0.621704594231;0.622447015061
0.062376237624;0.465346534653;0.571904211850;0.572585142685
0.062376237624;0.475247524752;0.519891243175;0.520508049627
0.062376237624;0.485148514851;0.465866916279;0.466417212043
0.062376237624;0.495049504950;0.410040240786;0.410521896874
0.062376237624;0.504950495050;0.352627199259;0.353038352238
0.062376237624;0.514851485149;0.293849911602;0.294188970800
0.062376237624;0.524752475248;0.233935775723;0.234201429386
0.062376237624;0.534653465347;0.173116587773;0.173307808139
0.062376237624;0.544554455446;0.111627645376;0.111743692650
0.062376237624;0.554455445545;0.049706837304;0.049747262523
0.062376237624;0.564356435644;-0.012406276864;-0.012441630099
0.062376237624;0.574257425743;-0.074471393558;-0.074582388471
0.062376237624;0.584158415842;-0.136248394897;-0.136434602071
0.062376237624;0.594059405941;-0.197498277665;-0.197758976700
0.062376237624;0.603960396040;-0.257984077964;-0.258318260266
0.062376237624;0.613861386139;-0.317471787983;-0.317878160667
0.062376237624;0.623762376238;-0.375731261329;-0.376208252217
0.062376237624;0.633663366337;-0.432537103417;-0.433082867124
0.062376237624;0.643564356436;-0.487669543480;-0.488281968552
0.062376237624;0.653465346535;-0.540915284817;-0.541592001900
0.062376237624;0.663366336634;-0.592068330000;-0.592806721007
0.062376237624;0.673267326733;-0.640930777833;-0.641727986073
0.062376237624;0.683168316832;-0.687313588998;-0.688166530228
0.062376237624;0.693069306931;-0.731037317410;-0.731942691766
0.062376237624;0.702970297030;-0.771932804458;-0.772887109221
0.062376237624;0.712871287129;-0.809841833446;-0.810841376598
0.062376237624;0.722772277228;-0.844617741706;-0.845658656208
0.062376237624;0.732673267327;-0.876125988006;-0.877204246762
0.062376237624;0.742574257426;-0.904244673060;-0.905356104496
0.062376237624;0.752475247525;-0.928865011139;-0.930005315343
0.062376237624;0.762376237624;-0.949891750938;-0.951056516295
0.062376237624;0.772277227723;-0.967243544086;-0.968428264344
0.062376237624;0.782178217822;-0.980853259865;-0.982053351573
0.062376237624;0.792079207921;-0.990668244929;-0.991879065165
0.062376237624;0.801980198020;-0.996650527008;-0.997867391343
0.062376237624;0.811881188119;-0.998776961815;-0.999995162437
0.062376237624;0.821782178218;-0.997039322585;-0.998254146514
0.062376237624;0.831683168317;-0.991444331909;-0.992651079226
0.062376237624;0.841584158416;-0.982013635718;-0.983207637752
0.062376237624;0.851485148515;-0.968783719543;-0.969960356932
0.062376237624;0.861386138614;-0.951805767360;-0.952960487923
0.062376237624;0.871287128713;-0.931145463568;-0.932273799915
0.062376237624;0.881188118812;-0.906882738869;-0.907980325686
0.062376237624;0.891089108911;-0.879111461030;-0.880174051967
0.062376237624;0.900990099010;-0.847939071731;-0.848962555830
0.062376237624;0.910891089109;-0.813486170890;-0.814466588490
0.062376237624;0.920792079208;-0.775886050088;-0.776819608144
0.062376237624;0.930693069307;-0.735284176887;-0.736167263644
0.062376237624;0.940594059406;-0.691837632047;-0.692666831014
0.062376237624;0.950495049505;-0.645714501811;-0.646486604978
0.062376237624;0.960396039604;-0.597093227608;-0.597805247858
0.062376237624;0.970297029703;-0.546161915703;-0.546811098368
0.062376237624;0.980198019802;-0.493117609447;-0.493701442965
0.062376237624;0.990099009901;-0.438165526957;-0.438681752590
0.071287128713;0.009900990099;-0.432500755594;-0.376208252217
0.071287128713;0.019801980198;-0.375704483791;-0.317878160667
0.071287128713;0.029702970297;-0.317430708746;-0.258318260266
0.071287128713;0.039603960396;-0.257668611404;-0.197758976700
0.071287128713;0.049504950495;-0.195138275352;-0.136434602071
0.071287128713;0.059405940594;-0.124649766123;-0.074582388471
0.071287128713;0.069306930693;-0.039105843130;-0.012441630099
0.071287128713;0.079207920792;0.049654960096;0.049747262523
0.071287128713;0.089108910891;0.111565204498;0.111743692650
0.071287128713;0.099009900990;0.173043824797;0.173307808139
0.071287128713;0.108910891089;0.233852972154;0.234201429386
0.071287128713;0.118811881188;0.293757387792;0.294188970800
0.071287128713;0.128712871287;0.352525313164;0.353038352238
0.071287128713;0.138613861386;0.409929386584;0.410521896874
0.071287128713;0.148514851485;0.465747522843;0.466417212043
0.071287128713;0.158415841584;0.519763772415;0.520508049627
0.071287128713;0.168316831683;0.571769156925;0.572585142685
0.071287128713;0.178217821782;0.621562477643;0.622447015061
0.071287128713;0.188118811881;0.668951093884;0.669900760857
0.071287128713;0.198019801980;0.713751668298;0.714762790748
0.071287128713;0.207920792079;0.755790876166;0.756859542257
0.071287128713;0.217821782178;0.794906075959;0.796028151230
0.071287128713;0.227722772277;0.830945938569;0.832117081928
0.071287128713;0.237623762376;0.863771032768;0.864986713289
0.071287128713;0.247524752475;0.893254364643;0.894509879095
0.071287128713;0.257425742574;0.919281868912;0.920572359953
0.071287128713;0.267326732673;0.941752850216;0.943073325187
0.071287128713;0.277227722772;0.960580372694;0.961925722934
0.071287128713;0.287128712871;0.975691596320;0.977056616929
0.071287128713;0.297029702970;0.987028058704;0.988407468684
0.071287128713;0.306930693069;0.994545901277;0.995934363957
0.071287128713;0.316831683168;0.998216038965;0.999608182654
0.071287128713;0.326732673267;0.998024272719;0.999414711483
0.071287128713;0.336633663366;0.993971344445;0.995354698947
0.071287128713;0.346534653465;0.986072934135;0.987443852446
0.071287128713;0.356435643564;0.974359599205;0.975712777507
0.071287128713;0.366336633663;0.958876656272;0.960206859381
0.071287128713;0.376237623762;0.939684005833;0.940986087453
0.071287128713;0.386138613861;0.916855900526;0.918124823155
0.071287128713;0.396039603960;0.890480657855;0.891711512278
0.071287128713;0.405940594059;0.860660318510;0.861848342790
0.071287128713;0.415841584158;0.827510251591;0.828650849493
0.071287128713;0.425742574257;0.791158708266;0.792247467039
0.071287128713;0.435643564356;0.751746325595;0.752779033042
0.071287128713;0.445544554455;0.709425582430;0.710398243207
0.071287128713;0.455445544554;0.664360209505;0.665269060576
0.071287128713;0.465346534653;0.616724555992;0.617566081190
0.071287128713;0.475247524752;0.566702914982;0.567473858608
0.071287128713;0.485148514851;0.514488810486;0.515186189909
0.071287128713;0.495049504950;0.460284248730;0.460905365925
0.071287128713;0.504950495050;0.404298936634;0.404841388619
0.071287128713;0.514851485149;0.346749470494;0.347211158628
0.071287128713;0.524752475248;0.287858498014;0.288237636115
0.071287128713;0.534653465347;0.227853856928;0.228148978184
0.071287128713;0.544554455446;0.166967693533;0.167177656178
0.071287128713;0.554455445545;0.105435564569;0.105559556298
0.071287128713;0.564356435644;0.043495525887;0.043533067000
0.071287128713;0.574257425743;-0.018612788534;-0.018661843276
0.071287128713;0.584158415842;-0.080649093692;-0.080784554506
0.071287128713;0.594059405941;-0.142373383174;-0.142594725988
0.071287128713;0.603960396040;-0.203546857695;-0.203853226178
0.071287128713;0.613861386139;-0.263932848966;-0.264323057837
0.071287128713;0.623762376238;-0.323297735318;-0.323770274934
0.071287128713;0.633663366337;-0.381411845538;-0.381964887736
0.071287128713;0.643564356436;-0.438050347424;-0.438681752590
0.071287128713;0.653465346535;-0.492994117614;-0.493701442965
0.071287128713;0.663366336634;-0.546030589335;-0.546811098368
0.071287128713;0.673267326733;-0.596954574783;-0.597805247858
0.071287128713;0.683168316832;-0.645569058949;-0.646486604978
0.071287128713;0.693069306931;-0.691685961839;-0.692666831014
0.071287128713;0.702970297030;-0.735126866115;-0.736167263644
0.071287128713;0.712871287129;-0.775723707356;-0.776819608144
0.071287128713;0.722772277228;-0.813319424272;-0.814466588490
0.071287128713;0.732673267327;-0.847768566336;-0.848962555830
0.071287128713;0.742574257426;-0.878937856511;-0.880174051967
0.071287128713;0.752475247525;-0.906706706868;-0.907980325686
0.071287128713;0.762376237624;-0.930967685119;-0.932273799915
0.071287128713;0.772277227723;-0.951626930253;-0.952960487923
0.071287128713;0.782178217822;-0.968604515663;-0.969960356932
0.071287128713;0.792079207921;-0.981834758371;-0.983207637752
0.071287128713;0.801980198020;-0.991266473137;-0.992651079226
0.071287128713;0.811881188119;-0.996863170489;-0.998254146514
0.071287128713;0.821782178218;-0.998603197892;-0.999995162437
0.071287128713;0.831683168317;-0.996479823518;-0.997867391343
0.071287128713;0.841584158416;-0.990501262290;-0.991879065165
0.071287128713;0.851485148515;-0.980690644101;-0.982053351573
0.071287128713;0.861386138614;-0.967085924325;-0.968428264344
0.071287128713;0.871287128713;-0.949739736981;-0.951056516295
0.071287128713;0.881188118812;-0.928719191098;-0.930005315343
0.071287128713;0.891089108911;-0.904105611085;-0.905356104496
0.071287128713;0.900990099010;-0.875994222100;-0.877204246762
0.071287128713;0.910891089109;-0.844493781647;-0.845658656208
0.071287128713;0.920792079208;-0.809726158810;-0.810841376598
0.071287128713;0.930693069307;-0.771825862768;-0.772887109221
0.071287128713;0.940594059406;-0.730939522403;-0.731942691766
0.071287128713;0.950495049505;-0.687225319024;-0.688166530228
0.071287128713;0.960396039604;-0.640852374390;-0.641727986073
0.071287128713;0.970297029703;-0.592000096417;-0.592806721007
0.071287128713;0.980198019802;-0.540857485077;-0.541592001900
0.071287128713;0.990099009901;-0.487622401198;-0.488281968552
0.080198019802;0.009900990099;-0.482110236078;-0.427467221172
0.080198019802;0.019801980198;-0.426821128414;-0.370437057283
0.080198019802;0.029702970297;-0.369877106286;-0.311973744384
0.080198019802;0.039603960396;-0.311454499012;-0.252303465673
0.080198019802;0.049504950495;-0.251415577799;-0.191657073869
0.080198019802;0.059405940594;-0.188089424429;-0.130269198078
0.080198019802;0.069306930693;-0.116095373823;-0.068377336067
0.080198019802;0.079207920792;-0.030229762807;-0.006220935426
0.080198019802;0.089108910891;0.055845984536;0.055959532806
0.080198019802;0.099009900990;0.117713066528;0.117923504476
0.080198019802;0.108910891089;0.179124739532;0.179431253016
0.080198019802;0.118811881188;0.239843413718;0.240244816896
0.080198019802;0.128712871287;0.299634180329;0.300128920250
0.080198019802;0.138613861386;0.358265720506;0.358851883118
0.080198019802;0.148514851485;0.415511200210;0.416186517763
0.080198019802;0.158415841584;0.471149147800;0.471911007622
0.080198019802;0.168316831683;0.524964310866;0.525809765470
0.080198019802;0.178217821782;0.576748488997;0.577674267482
0.080198019802;0.188118811881;0.626301339267;0.627303859977
0.080198019802;0.198019801980;0.673431151325;0.674506535702
0.080198019802;0.207920792079;0.717955589085;0.719099676675
0.080198019802;0.217821782178;0.759702396145;0.760910760696
0.080198019802;0.227722772277;0.798510062220;0.799778028804
0.080198019802;0.237623762376;0.834228447989;0.835551111089
0.080198019802;0.247524752475;0.866719365955;0.868091608446
0.080198019802;0.257425742574;0.895857115070;0.897273628011
0.080198019802;0.267326732673;0.921528967042;0.922984270221
0.080198019802;0.277227722772;0.943635602464;0.945124065594
0.080198019802;0.287128712871;0.962091495057;0.963607359564
0.080198019802;0.297029702970;0.976825242558;0.978362643858
0.080198019802;0.306930693069;0.987779842962;0.989332833146
0.080198019802;0.316831683168;0.994912915046;0.996475485897
0.080198019802;0.326732673267;0.998196862340;0.999762968577
0.080198019802;0.336633663366;0.997618979891;0.999182562551
0.080198019802;0.346534653465;0.993181503414;0.994736513300
0.080198019802;0.356435643564;0.984901600642;0.986442021724
0.080198019802;0.366336633663;0.972811304912;0.974331177598
0.080198019802;0.376237623762;0.956957391228;0.958450835427
0.080198019802;0.386138613861;0.937401195303;0.938862433170
0.080198019802;0.396039603960;0.914218376259;0.915641754548
0.080198019802;0.405940594059;0.887498623921;0.888878635858
0.080198019802;0.415841584158;0.857345311818;0.858676618405
0.080198019802;0.425742574257;0.823875097258;0.825152547928
0.080198019802;0.435643564356;0.787217469999;0.788436122544
0.080198019802;0.445544554455;0.747514251279;0.748669390969
0.080198019802;0.455445544554;0.704919045138;0.706006202961
0.080198019802;0.465346534653;0.659596644154;0.660611614109
0.080198019802;0.475247524752;0.611722391891;0.612661247256
0.080198019802;0.485148514851;0.561481504533;0.562340613058
0.080198019802;0.495049504950;0.509068354310;0.509844392273
0.080198019802;0.504950495050;0.454685717520;0.455375682579
0.080198019802;0.514851485149;0.398543990020;0.399145212835
0.080198019802;0.524752475248;0.340860373246;0.341370527803
0.080198019802;0.534653465347;0.281858033906;0.282275146515
0.080198019802;0.544554455446;0.221765240588;0.222087697523
0.080198019802;0.554455445545;0.160814480637;0.161041034373
0.080198019802;0.564356435644;0.099241560700;0.099371334747
0.080198019802;0.574257425743;0.037284694445;0.037317186730
0.080198019802;0.584158415842;-0.024816419049;-0.024881334232
0.080198019802;0.594059405941;-0.086821522640;-0.086983594146
0.080198019802;0.603960396040;-0.148490730626;-0.148749331431
0.080198019802;0.613861386139;-0.209585456822;-0.209939586451
0.080198019802;0.623762376238;-0.269869337601;-0.270317625995
0.080198019802;0.633663366337;-0.329109146340;-0.329649859159
0.080198019802;0.643564356436;-0.387075695727;-0.387706741057
0.080198019802;0.653465346535;-0.443544724443;-0.444263660892
0.080198019802;0.663366336634;-0.498297764786;-0.499101810930
0.080198019802;0.673267326733;-0.551122987880;-0.552009033020
0.080198019802;0.683168316832;-0.601816023199;-0.602780639399
0.080198019802;0.693069306931;-0.650180749238;-0.651220204584
0.080198019802;0.702970297030;-0.696030052267;-0.697140325308
0.080198019802;0.712871287129;-0.739186550239;-0.740363345546
0.080198019802;0.722772277228;-0.779483279048;-0.780722043828
0.080198019802;0.732673267327;-0.816764338478;-0.818060280190
0.080198019802;0.742574257426;-0.850885495354;-0.852233600251
0.080198019802;0.752475247525;-0.881714741547;-0.883109794074
0.080198019802;0.762376237624;-0.909132804693;-0.910569407663
0.080198019802;0.772277227723;-0.933033609632;-0.934506205107
0.080198019802;0.782178217822;-0.953324688794;-0.954827579588
0.080198019802;0.792079207921;-0.969927539934;-0.971454911654
0.080198019802;0.801980198020;-0.982777929848;-0.984323873390
0.080198019802;0.811881188119;-0.991826142872;-0.993384677281
0.080198019802;0.821782178218;-0.997037173229;-0.998602268838
0.080198019802;0.831683168317;-0.998390860454;-0.999956462212
0.080198019802;0.841584158416;-0.995881967395;-0.997442018293
0.080198019802;0.851485148515;-0.989520200471;-0.991068664975
0.080198019802;0.861386138614;-0.979330172123;-0.980861059524
0.080198019802;0.871287128713;-0.965351305591;-0.966858693184
0.080198019802;0.881188118812;-0.947637682393;-0.949115738388
0.080198019802;0.891089108911;-0.926257833097;-0.927700839183
0.080198019802;0.900990099010;-0.901294472186;-0.902696845652
0.080198019802;0.910891089109;-0.872844178055;-0.874200493390
0.080198019802;0.920792079208;-0.841017019363;-0.842322029248
0.080198019802;0.930693069307;-0.805936129206;-0.807184784810
0.080198019802;0.940594059406;-0.767737228731;-0.768924699249
0.080198019802;0.950495049505;-0.726568102065;-0.727689793404
0.080198019802;0.960396039604;-0.682588024560;-0.683639597114
0.080198019802;0.970297029703;-0.635967146593;-0.636944532032
0.080198019802;0.980198019802;-0.586885835283;-0.587785252292
0.080198019802;0.990099009901;-0.535533976689;-0.536351945599
0.089108910891;0.009900990099;-0.530191602572;-0.477386540051
0.089108910891;0.019801980198;-0.476581325312;-0.421835032062
0.089108910891;0.029702970297;-0.421126726201;-0.364651526283
0.089108910891;0.039603960396;-0.364034845559;-0.306057254588
0.089108910891;0.049504950495;-0.305450606890;-0.246278906832
0.089108910891;0.059405940594;-0.245082962462;-0.185547753829
0.089108910891;0.069306930693;-0.180890019369;-0.124098752613
0.089108910891;0.079207920792;-0.107508812722;-0.062169637431
0.089108910891;0.089108910891;-0.021622188073;-0.000000000000
0.089108910891;0.099009900990;0.062032692735;0.062169637431
0.089108910891;0.108910891089;0.123854233828;0.124098752613
0.089108910891;0.118811881188;0.185196606951;0.185547753829
0.089108910891;0.128712871287;0.245822490379;0.246278906832
0.089108910891;0.138613861386;0.305497334347;0.306057254588
0.089108910891;0.148514851485;0.363990268477;0.364651526283
0.089108910891;0.158415841584;0.421074994969;0.421835032062
0.089108910891;0.168316831683;0.476530664107;0.477386540051
0.089108910891;0.178217821782;0.530142728679;0.531091132257
0.089108910891;0.188118811881;0.581703774024;0.582741036046
0.089108910891;0.198019801980;0.631014320473;0.632136427974
0.089108910891;0.207920792079;0.677883595101;0.679086206866
0.089108910891;0.217821782178;0.722130269791;0.723408733147
0.089108910891;0.227722772277;0.763583162753;0.764932531575
0.089108910891;0.237623762376;0.802081900797;0.803496954639
0.089108910891;0.247524752475;0.837477539785;0.838952804078
0.089108910891;0.257425742574;0.869633140867;0.871162908100
0.089108910891;0.267326732673;0.898424300267;0.900002652069
0.089108910891;0.277227722772;0.923739630584;0.925360460617
0.089108910891;0.287128712871;0.945481191723;0.947138229311
0.089108910891;0.297029702970;0.963564869807;0.965251704193
0.089108910891;0.306930693069;0.977920702599;0.979630807749
0.089108910891;0.316831683168;0.988493150170;0.990219910020
0.089108910891;0.326732673267;0.995241309775;0.996978043826
0.089108910891;0.336633663366;0.998139074095;0.999879063260
0.089108910891;0.346534653465;0.997175232243;0.998911744843
0.089108910891;0.356435643564;0.992353513136;0.994079830940
0.089108910891;0.366336633663;0.983692571069;0.985402015289
0.089108910891;0.376237623762;0.971225913543;0.972911870671
0.089108910891;0.386138613861;0.955001771635;0.956657719031
0.089108910891;0.396039603960;0.935082913398;0.936702444524
0.089108910891;0.405940594059;0.911546401025;0.913123250229
0.089108910891;0.415841584158;0.884483292710;0.886011359468
0.089108910891;0.425742574257;0.853998290362;0.855471662881
0.089108910891;0.435643564356;0.820209334532;0.821622312620
0.089108910891;0.445544554455;0.783247148127;0.784594265246
0.089108910891;0.455445544554;0.743254730664;0.744530775081
0.089108910891;0.465346534653;0.700386805039;0.701586839985
0.089108910891;0.475247524752;0.654809218927;0.655928601700
0.089108910891;0.485148514851;0.606698303156;0.607732703081
0.089108910891;0.495049504950;0.556240189510;0.557185604695
0.089108910891;0.504950495050;0.503630090631;0.504482863449
0.089108910891;0.514851485149;0.449071544770;0.449828376008
0.089108910891;0.524752475248;0.392775628342;0.393433589967
0.089108910891;0.534653465347;0.334960139312;0.335516685798
0.089108910891;0.544554455446;0.275848754574;0.276301732751
0.089108910891;0.554455445545;0.215670164593;0.216017821976
0.089108910891;0.564356435644;0.154657188643;0.154898180214
0.089108910891;0.574257425743;0.093045874075;0.093179267484
0.089108910891;0.584158415842;0.031074583096;0.031099862270
0.089108910891;0.594059405941;-0.031016929409;-0.031099862270
0.089108910891;0.603960396040;-0.092988443439;-0.093179267484
0.089108910891;0.613861386139;-0.154600203246;-0.154898180214
0.089108910891;0.623762376238;-0.215613844900;-0.216017821976
0.089108910891;0.633663366337;-0.275793318475;-0.276301732751
0.089108910891;0.643564356436;-0.334905801279;-0.335516685798
0.089108910891;0.653465346535;-0.392722598598;-0.393433589967
0.089108910891;0.663366336634;-0.449020028477;-0.449828376008
0.089108910891;0.673267326733;-0.503580287095;-0.504482863449
0.089108910891;0.683168316832;-0.556192291412;-0.557185604695
0.089108910891;0.693069306931;-0.606652495803;-0.607732703081
0.089108910891;0.702970297030;-0.654765679541;-0.655928601700
0.089108910891;0.712871287129;-0.700345702064;-0.701586839985
0.089108910891;0.722772277228;-0.743216223120;-0.744530775081
0.089108910891;0.732673267327;-0.783211384991;-0.784594265246
0.089108910891;0.742574257426;-0.820176454166;-0.821622312620
0.089108910891;0.752475247525;-0.853968419973;-0.855471662881
0.089108910891;0.762376237624;-0.884456547861;-0.886011359468
0.089108910891;0.772277227723;-0.911522885187;-0.913123250229
0.089108910891;0.782178217822;-0.935062717548;-0.936702444524
0.089108910891;0.792079207921;-0.954984973908;-0.956657719031
0.089108910891;0.801980198020;-0.971212578926;-0.972911870671
0.089108910891;0.811881188119;-0.983682751150;-0.985402015289
0.089108910891;0.821782178218;-0.992347245908;-0.994079830940
0.089108910891;0.831683168317;-0.997172541952;-0.998911744843
0.089108910891;0.841584158416;-0.998139971148;-0.999879063260
0.089108910891;0.851485148515;-0.995245790703;-0.996978043826
0.089108910891;0.861386138614;-0.988501197636;-0.990219910020
0.089108910891;0.871287128713;-0.977932285470;-0.979630807749
0.089108910891;0.881188118812;-0.963579943271;-0.965251704193
0.089108910891;0.891089108911;-0.945499697463;-0.947138229311
0.089108910891;0.900990099010;-0.923761497006;-0.925360460617
0.089108910891;0.910891089109;-0.898449442773;-0.900002652069
0.089108910891;0.920792079208;-0.869661462186;-0.871162908100
0.089108910891;0.930693069307;-0.837508930347;-0.838952804078
0.089108910891;0.940594059406;-0.802116239158;-0.803496954639
0.089108910891;0.950495049505;-0.763620316065;-0.764932531575
0.089108910891;0.960396039604;-0.722170094315;-0.723408733147
0.089108910891;0.970297029703;-0.677925936764;-0.679086206866
0.089108910891;0.980198019802;-0.631059015462;-0.632136427974
0.089108910891;0.990099009901;-0.581750649424;-0.582741036046
