Tabela de valores para implementação com 625 subintervalos
Tempo de execução = 0.000195000000 seg.

x;y;f(x,y);exact_solution;difference;Vx;Vy;VxE;VyE
0.020000000000;0.020000000000;0.164434035827;0.984291580564;0.819857544738;-0.501094485356;-0.027471128307;0.773083249726;0.773083249726
0.020000000000;0.060000000000;0.166631726091;0.922444920586;0.755813194495;0.076889266732;0.046575141735;0.724507585944;2.270674085396
0.020000000000;0.100000000000;0.160708024488;0.802637653733;0.641929629245;0.251808723206;0.495089292902;0.630408445985;3.625590117326
0.020000000000;0.140000000000;0.127024582659;0.632397711200;0.505373128541;0.177563457504;1.004274432024;0.496698424885;4.752696988196
0.020000000000;0.180000000000;0.080366069926;0.422421894677;0.342055824751;0.044707420357;1.251581573364;0.331779015020;5.581174428101
0.020000000000;0.220000000000;0.026898056790;0.185903756952;0.159005700162;-0.102617269134;1.366389815798;0.146012709444;6.058966152565
0.020000000000;0.260000000000;-0.028945115338;-0.062295397528;-0.033350282190;-0.246680930297;1.376773646938;-0.048928111664;6.156050750344
0.020000000000;0.300000000000;-0.083243834965;-0.306580303075;-0.223336468110;-0.376148074539;1.293460390725;-0.240794599571;5.866328039108
0.020000000000;0.340000000000;-0.132421946596;-0.531601640657;-0.399179694061;-0.482233251171;1.125992239535;-0.417531077207;5.208002362330
0.020000000000;0.380000000000;-0.173323214128;-0.723220492062;-0.549897277934;-0.558084405647;0.886613814002;-0.568032541689;4.222438743434
0.020000000000;0.420000000000;-0.203351051716;-0.869396740132;-0.666045688416;-0.598882655879;0.591057712135;-0.682842432500;2.971563769244
0.020000000000;0.460000000000;-0.220607831099;-0.960945593601;-0.740337762503;-0.602047461166;0.258164542461;-0.754746821958;1.533974514786
0.020000000000;0.500000000000;-0.224004215113;-0.992114701314;-0.768110486202;-0.567367889286;-0.091060251537;-0.779227692828;0.000000000000
0.020000000000;0.540000000000;-0.213323010976;-0.960945593601;-0.747622582626;-0.497001212438;-0.434683641339;-0.754746821958;-1.533974514786
0.020000000000;0.580000000000;-0.189229523806;-0.869396740132;-0.680167216326;-0.395320096726;-0.751224210938;-0.682842432500;-2.971563769244
0.020000000000;0.620000000000;-0.153225074101;-0.723220492062;-0.569995417961;-0.268604892640;-1.021078634493;-0.568032541689;-4.222438743434
0.020000000000;0.660000000000;-0.107543233046;-0.531601640657;-0.424058407611;-0.124582982990;-1.227948015852;-0.417531077207;-5.208002362330
0.020000000000;0.700000000000;-0.054989232832;-0.306580303075;-0.251591070243;0.028180796423;-1.360276229170;-0.240794599571;-5.866328039108
0.020000000000;0.740000000000;0.001278865287;-0.062295397528;-0.063574262816;0.181025098566;-1.412786169810;-0.048928111664;-6.156050750344
0.020000000000;0.780000000000;0.058033660752;0.185903756952;0.127870096200;0.325966041832;-1.388229085987;0.146012709444;-6.058966152565
0.020000000000;0.820000000000;0.112337192166;0.422421894677;0.310084702511;0.456069214197;-1.299173706158;0.331779015020;-5.581174428101
0.020000000000;0.860000000000;0.161967557245;0.632397711200;0.470430153955;0.563806339237;-1.168082455300;0.496698424885;-4.752696988196
0.020000000000;0.900000000000;0.205783788590;0.802637653733;0.596853865142;0.632051922386;-1.017954540748;0.630408445985;-3.625590117326
0.020000000000;0.940000000000;0.243403920505;0.922444920586;0.679041000081;0.601326872071;-0.826271347911;0.724507585944;-2.270674085396
0.020000000000;0.980000000000;0.271885496423;0.984291580564;0.712406084141;0.265847382310;-0.356019698978;0.773083249726;-0.773083249726
0.060000000000;0.020000000000;0.204521594655;0.922444920586;0.717923325931;-0.096034962818;0.550512623782;2.270674085396;0.724507585944
0.060000000000;0.060000000000;0.160480584753;0.864484313711;0.704003728958;0.290263407734;0.799478350297;2.127999281655;2.127999281655
0.060000000000;0.100000000000;0.140563326632;0.752204978054;0.611641651422;0.449426918827;0.595763483674;1.851614456815;3.397780956266
0.060000000000;0.140000000000;0.112819506059;0.592661837209;0.479842331151;0.334883094668;0.797173129175;1.458885885890;4.454067557231
0.060000000000;0.180000000000;0.076789476297;0.395879573475;0.319090097178;0.137891845160;0.971400846727;0.974490149349;5.230488712660
0.060000000000;0.220000000000;0.035107438321;0.174222740197;0.139115301876;-0.086174181448;1.075001465144;0.428863612800;5.678259025880
0.060000000000;0.260000000000;-0.009210640914;-0.058381148595;-0.049170507681;-0.310754804850;1.103242841532;-0.143710001792;5.769243441329
0.060000000000;0.300000000000;-0.053151989002;-0.287316735110;-0.234164746108;-0.517729747552;1.057908069851;-0.707253788442;5.497725073566
0.060000000000;0.340000000000;-0.093843286502;-0.498199154480;-0.404355867978;-0.692779077016;0.944055908427;-1.226358218468;4.880764420212
0.060000000000;0.380000000000;-0.128676461676;-0.677777888727;-0.549101427051;-0.824479875356;0.769964409293;-1.668406051396;3.957127388141
0.060000000000;0.420000000000;-0.155440439246;-0.814769345532;-0.659328906286;-0.904423933829;0.547094656616;-2.005621796148;2.784849488976
0.060000000000;0.460000000000;-0.172444034205;-0.900565847845;-0.728121813639;-0.927545223371;0.289679309055;-2.216816947286;1.437589254458
0.060000000000;0.500000000000;-0.178614783970;-0.929776485888;-0.751161701918;-0.892370128468;0.013985997190;-2.288721336744;0.000000000000
0.060000000000;0.540000000000;-0.173562913980;-0.900565847845;-0.727002933864;-0.801081909678;-0.262635848779;-2.216816947286;-1.437589254458
0.060000000000;0.580000000000;-0.157603916068;-0.814769345532;-0.657165429464;-0.659359679100;-0.522827891140;-2.005621796148;-2.784849488976
0.060000000000;0.620000000000;-0.131736682689;-0.677777888727;-0.546041206037;-0.475981187869;-0.750341520757;-1.668406051396;-3.957127388141
0.060000000000;0.660000000000;-0.097576594407;-0.498199154480;-0.400622560073;-0.262190491725;-0.931162326789;-1.226358218468;-4.880764420212
0.060000000000;0.700000000000;-0.057243696546;-0.287316735110;-0.230073038564;-0.030834690702;-1.054668147613;-0.707253788442;-5.497725073566
0.060000000000;0.740000000000;-0.013203142598;-0.058381148595;-0.045178005997;0.204717550816;-1.115000924401;-0.143710001792;-5.769243441329
0.060000000000;0.780000000000;0.031956377406;0.174222740197;0.142266362791;0.431794899580;-1.113184970356;0.428863612800;-5.678259025880
0.060000000000;0.820000000000;0.075851655031;0.395879573475;0.320027918445;0.639377061841;-1.061333408752;0.974490149349;-5.230488712660
0.060000000000;0.860000000000;0.116863050106;0.592661837209;0.475798787103;0.817176349238;-0.992099747111;1.458885885890;-4.454067557231
0.060000000000;0.900000000000;0.155219634799;0.752204978054;0.596985343254;0.947244823793;-0.980434007915;1.851614456815;-3.397780956266
0.060000000000;0.940000000000;0.195297770739;0.864484313711;0.669186542971;0.970189036954;-1.192475887988;2.127999281655;-2.127999281655
0.060000000000;0.980000000000;0.250617705838;0.922444920586;0.671827214748;0.672000997592;-0.691499188739;2.270674085396;-0.724507585944
0.100000000000;0.020000000000;0.172116832852;0.802637653733;0.630520820880;0.916363458231;0.358827242244;3.625590117326;0.630408445985
0.100000000000;0.060000000000;0.143410653473;0.752204978054;0.608794324581;0.571500947259;0.592037023379;3.397780956266;1.851614456815
0.100000000000;0.100000000000;0.124753870982;0.654508497187;0.529754626206;0.497107233929;0.539708979837;2.956476721561;2.956476721561
0.100000000000;0.140000000000;0.100233935086;0.515686840329;0.415452905243;0.388974895742;0.692739358358;2.329406181278;3.875572680730
0.100000000000;0.180000000000;0.069334722313;0.344462682729;0.275127960416;0.239963031287;0.830524297248;1.555970483670;4.551152155010
0.100000000000;0.220000000000;0.033791991306;0.151594667928;0.117802676622;0.066372779370;0.917743165788;0.684767438113;4.940766001424
0.100000000000;0.260000000000;-0.004084730950;-0.050798597385;-0.046713866435;-0.115731687078;0.945218080834;-0.229462063979;5.019933349102
0.100000000000;0.300000000000;-0.041825455161;-0.250000000000;-0.208174544839;-0.292344312534;0.911436118559;-1.129273620688;4.783679822433
0.100000000000;0.340000000000;-0.076999620434;-0.433492983179;-0.356493362745;-0.451265553004;0.819242111730;-1.958128762632;4.246850099376
0.100000000000;0.380000000000;-0.107364824099;-0.589748007950;-0.482383183851;-0.582075173677;0.674968957188;-2.663947472926;3.443175165754
0.100000000000;0.420000000000;-0.130997137010;-0.708946996440;-0.577949859430;-0.676392946410;0.487992364120;-3.202380566182;2.423152873355
0.100000000000;0.460000000000;-0.146404213229;-0.783600237818;-0.637196024590;-0.728235409852;0.270218347823;-3.539596310934;1.250874974190
0.100000000000;0.500000000000;-0.152614604835;-0.809016994375;-0.656402389540;-0.734324150437;0.035403062155;-3.654406201745;0.000000000000
0.100000000000;0.540000000000;-0.149236458201;-0.783600237818;-0.634363779617;-0.694265029077;-0.201673191971;-3.539596310934;-1.250874974190
0.100000000000;0.580000000000;-0.136480749478;-0.708946996440;-0.572466246962;-0.610559424501;-0.426123489128;-3.202380566182;-2.423152873355
0.100000000000;0.620000000000;-0.115146579071;-0.589748007950;-0.474601428879;-0.488432726915;-0.623909447118;-2.663947472926;-3.443175165754
0.100000000000;0.660000000000;-0.086567993708;-0.433492983179;-0.346924989471;-0.335478431040;-0.782801518685;-1.958128762632;-4.246850099376
0.100000000000;0.700000000000;-0.052522457576;-0.250000000000;-0.197477542424;-0.161119697994;-0.893368186628;-1.129273620688;-4.783679822433
0.100000000000;0.740000000000;-0.015098538778;-0.050798597385;-0.035700058607;0.024119393956;-0.950156579528;-0.229462063979;-5.019933349102
0.100000000000;0.780000000000;0.023490068786;0.151594667928;0.128104599142;0.209571350003;-0.953569574961;0.684767438113;-4.940766001424
0.100000000000;0.820000000000;0.061187027219;0.344462682729;0.283275655510;0.385708785895;-0.913792256500;1.555970483670;-4.551152155010
0.100000000000;0.860000000000;0.096593449306;0.515686840329;0.419093391023;0.545917634977;-0.860214693349;2.329406181278;-3.875572680730
0.100000000000;0.900000000000;0.130004202687;0.654508497187;0.524504294501;0.688833770601;-0.864941853032;2.956476721561;-2.956476721561
0.100000000000;0.940000000000;0.165788797549;0.752204978054;0.586416180505;0.820329831373;-1.101515174111;3.397780956266;-1.851614456815
0.100000000000;0.980000000000;0.218125416616;0.802637653733;0.584512237117;0.949509367874;-0.654207738340;3.625590117326;-0.630408445985
0.140000000000;0.020000000000;0.131212517997;0.632397711200;0.501185193203;1.126125900425;0.205650112810;4.752696988196;0.496698424885
0.140000000000;0.060000000000;0.114760508972;0.592661837209;0.477901328237;0.819956174273;0.380222125996;4.454067557231;1.458885885890
0.140000000000;0.100000000000;0.100794747917;0.515686840329;0.414892092412;0.686963300318;0.413237432157;3.875572680730;2.329406181278
0.140000000000;0.140000000000;0.081701514399;0.406309342707;0.324607828308;0.531328506902;0.540028926533;3.053561319340;3.053561319340
0.140000000000;0.180000000000;0.057592433795;0.271401934782;0.213809500987;0.340545495486;0.648798730354;2.039683470043;3.585849969494
0.140000000000;0.220000000000;0.029797615971;0.119441345148;0.089643729176;0.124887676663;0.719306746779;0.897644806892;3.892826478232
0.140000000000;0.260000000000;0.000047894052;-0.040024183477;-0.040072077529;-0.100909684615;0.744525749628;-0.300796180783;3.955202382528
0.140000000000;0.300000000000;-0.029764443999;-0.196974845455;-0.167210401456;-0.321555959984;0.722374203925;-1.480337038168;3.769058374912
0.140000000000;0.340000000000;-0.057742042262;-0.341548853470;-0.283806811208;-0.522542935660;0.654325047284;-2.566862875147;3.346090567974
0.140000000000;0.380000000000;-0.082110447782;-0.464662090893;-0.382551643111;-0.690926700332;0.544837015887;-3.492103277418;2.712875584590
0.140000000000;0.420000000000;-0.101329003533;-0.558578900237;-0.457249896704;-0.815987840988;0.400934420441;-4.197921987712;1.909200650968
0.140000000000;0.460000000000;-0.114185201417;-0.617398142970;-0.503212941553;-0.889810514775;0.231748105028;-4.639969820641;0.985563618896
0.140000000000;0.500000000000;-0.119868851935;-0.637423989749;-0.517555137814;-0.907732050085;0.047956377965;-4.790471285123;0.000000000000
0.140000000000;0.540000000000;-0.118021711654;-0.617398142970;-0.499376431316;-0.868613130639;-0.138871122843;-4.639969820641;-0.985563618896
0.140000000000;0.580000000000;-0.108759162107;-0.558578900237;-0.449819738129;-0.774896308955;-0.316995588978;-4.197921987712;-1.909200650968
0.140000000000;0.620000000000;-0.092662064536;-0.464662090893;-0.372000026357;-0.632438550143;-0.475260527296;-3.492103277418;-2.712875584590
0.140000000000;0.660000000000;-0.070738319924;-0.341548853470;-0.270810533546;-0.450116726640;-0.603849297868;-2.566862875147;-3.346090567974
0.140000000000;0.700000000000;-0.044354120707;-0.196974845455;-0.152620724748;-0.239210005715;-0.695070322617;-1.480337038168;-3.769058374912
0.140000000000;0.740000000000;-0.015132694114;-0.040024183477;-0.024891489362;-0.012552823017;-0.744309876405;-0.300796180783;-3.955202382528
0.140000000000;0.780000000000;0.015190669406;0.119441345148;0.104250675742;0.216588777341;-0.751595578417;0.897644806892;-3.892826478232
0.140000000000;0.820000000000;0.044994952159;0.271401934782;0.226406982623;0.436068044456;-0.724987123778;2.039683470043;-3.585849969494
0.140000000000;0.860000000000;0.073189639308;0.406309342707;0.333119703399;0.637214739671;-0.688974762405;3.053561319340;-3.053561319340
0.140000000000;0.900000000000;0.100112933151;0.515686840329;0.415573907178;0.818845891995;-0.706021811519;3.875572680730;-2.329406181278
0.140000000000;0.940000000000;0.129671384229;0.592661837209;0.462990452980;0.994667034490;-0.931800290714;4.454067557231;-1.458885885890
0.140000000000;0.980000000000;0.174656956408;0.632397711200;0.457740754792;1.207303188539;-0.562319652237;4.752696988196;-0.496698424885
0.180000000000;0.020000000000;0.082026760818;0.422421894677;0.340395133859;1.295560605199;0.052657516093;5.581174428101;0.331779015020
0.180000000000;0.060000000000;0.077814159531;0.395879573475;0.318065413945;0.989586544016;0.152874423272;5.230488712660;0.974490149349
0.180000000000;0.100000000000;0.069796806956;0.344462682729;0.274665875773;0.834072161875;0.251081312465;4.551152155010;1.555970483670
0.180000000000;0.140000000000;0.057727654534;0.271401934782;0.213674280248;0.647290137658;0.346321553526;3.585849969494;2.039683470043
0.180000000000;0.180000000000;0.042091082674;0.181288005126;0.139196922451;0.421951374781;0.424083467010;2.395235642562;2.395235642562
0.180000000000;0.220000000000;0.023800977173;0.079783083377;0.055982106204;0.169420661742;0.476287985686;1.054119851146;2.600286350598
0.180000000000;0.260000000000;0.003988043820;-0.026734902922;-0.030722946742;-0.094645415530;0.498774444187;-0.353230167298;2.641951504042
0.180000000000;0.300000000000;-0.016100978362;-0.131573036947;-0.115472058584;-0.353374623134;0.489802867515;-1.738385435242;2.517613128069
0.180000000000;0.340000000000;-0.035196185582;-0.228143953168;-0.192947767586;-0.590238292989;0.449871371382;-3.014311552954;2.235083860126
0.180000000000;0.380000000000;-0.052090688073;-0.310379745757;-0.258289057684;-0.790181450912;0.381524051860;-4.100837389933;1.812116053188
0.180000000000;0.420000000000;-0.065718109730;-0.373113237423;-0.307395127692;-0.940549653893;0.289108549677;-4.929692531876;1.275286330132
0.180000000000;0.460000000000;-0.075219372047;-0.412402652167;-0.337183280120;-1.031850649302;0.178474138726;-5.448796961902;0.658325676778
0.180000000000;0.500000000000;-0.079996040829;-0.425779291565;-0.345783250737;-1.058326607934;0.056600446291;-5.625533439537;0.000000000000
0.180000000000;0.540000000000;-0.079747407750;-0.412402652167;-0.332655244417;-1.018301111332;-0.068837450842;-5.448796961902;-0.658325676778
0.180000000000;0.580000000000;-0.074489044761;-0.373113237423;-0.298624192662;-0.914273720467;-0.189948908632;-4.929692531876;-1.275286330132
0.180000000000;0.620000000000;-0.064551495060;-0.310379745757;-0.245828250697;-0.752749208556;-0.299129864803;-4.100837389933;-1.812116053188
0.180000000000;0.660000000000;-0.050558655577;-0.228143953168;-0.177585297591;-0.543801193374;-0.389572974257;-3.014311552954;-2.235083860126
0.180000000000;0.700000000000;-0.033385657119;-0.131573036947;-0.098187379828;-0.300374936595;-0.455804283005;-1.738385435242;-2.517613128069
0.180000000000;0.740000000000;-0.014094312937;-0.026734902922;-0.012640589986;-0.037321628996;-0.494357796472;-0.353230167298;-2.641951504042
0.180000000000;0.780000000000;0.006162966599;0.079783083377;0.073620116778;0.229893984834;-0.504948707488;1.054119851146;-2.600286350598
0.180000000000;0.820000000000;0.026301583663;0.181288005126;0.154986421463;0.487003646814;-0.493166294171;2.395235642562;-2.395235642562
0.180000000000;0.860000000000;0.045616270132;0.271401934782;0.225785664649;0.723764860058;-0.477436845810;3.585849969494;-2.039683470043
0.180000000000;0.900000000000;0.064496531327;0.344462682729;0.279966151402;0.938999909425;-0.507489558213;4.551152155010;-1.555970483670
0.180000000000;0.940000000000;0.086215434789;0.395879573475;0.309664138686;1.150512076314;-0.713057877567;5.230488712660;-0.974490149349
0.180000000000;0.980000000000;0.121541161533;0.422421894677;0.300880733144;1.415610662864;-0.441571584290;5.581174428101;-0.331779015020
0.220000000000;0.020000000000;0.027567669581;0.185903756952;0.158336087371;1.383784205684;-0.100323948374;6.058966152565;0.146012709444
0.220000000000;0.060000000000;0.035593585451;0.174222740197;0.138629154746;1.085095287873;-0.081266317328;5.678259025880;0.428863612800
0.220000000000;0.100000000000;0.034068974967;0.151594667928;0.117525692961;0.921713801630;0.070941025799;4.940766001424;0.684767438113
0.220000000000;0.140000000000;0.029918303387;0.119441345148;0.089523041761;0.720026592359;0.127908139439;3.892826478232;0.897644806892
0.220000000000;0.180000000000;0.023836323812;0.079783083377;0.055946759565;0.475874360331;0.170929254438;2.600286350598;1.054119851146
0.220000000000;0.220000000000;0.016243963032;0.035111757056;0.018867794024;0.202146975884;0.202709956468;1.144360668372;1.144360668372
0.220000000000;0.260000000000;0.007619527295;-0.011765770093;-0.019385297388;-0.084468583305;0.221730464752;-0.383469403312;1.162697096140
0.220000000000;0.300000000000;-0.001494474148;-0.057904010635;-0.056409536487;-0.366011305045;0.226781326465;-1.887204682084;1.107976989256
0.220000000000;0.340000000000;-0.010522978823;-0.100403929233;-0.089880950411;-0.624724025960;0.217518219507;-3.272359950027;0.983638613283
0.220000000000;0.380000000000;-0.018895931709;-0.136595099698;-0.117699167989;-0.844280846604;0.194525654984;-4.451900807413;0.797494605668
0.220000000000;0.420000000000;-0.026085031221;-0.164203497687;-0.138118466466;-1.010838839725;0.159265222051;-5.351712364122;0.561241078999
0.220000000000;0.460000000000;-0.031637149473;-0.181494386018;-0.149857236545;-1.113905439189;0.113971150987;-5.915256150773;0.289722711236
0.220000000000;0.500000000000;-0.035202723300;-0.187381314586;-0.152178591286;-1.146989568845;0.061505915935;-6.107122638680;0.000000000000
0.220000000000;0.540000000000;-0.036557622748;-0.181494386018;-0.144936763270;-1.108001830510;0.005181764623;-5.915256150773;-0.289722711236
0.220000000000;0.580000000000;-0.035617264470;-0.164203497687;-0.128586233217;-0.999377947183;-0.051443686202;-5.351712364122;-0.561241078999
0.220000000000;0.620000000000;-0.032442127852;-0.136595099698;-0.104152971846;-0.827913186764;-0.104788000203;-4.451900807413;-0.797494605668
0.220000000000;0.660000000000;-0.027234224454;-0.100403929233;-0.073169704780;-0.604307957388;-0.151475025906;-3.272359950027;-0.983638613283
0.220000000000;0.700000000000;-0.020324125779;-0.057904010635;-0.037579884856;-0.342429563971;-0.188590758239;-1.887204682084;-1.107976989256
0.220000000000;0.740000000000;-0.012146963795;-0.011765770093;0.000381193702;-0.058280612434;-0.214040954976;-0.383469403312;-1.162697096140
0.220000000000;0.780000000000;-0.003200849381;0.035111757056;0.038312606437;0.231394002134;-0.227270302607;1.144360668372;-1.144360668372
0.220000000000;0.820000000000;0.006034660414;0.079783083377;0.073748422963;0.511087397826;-0.231116248554;2.600286350598;-1.054119851146
0.220000000000;0.860000000000;0.015288450503;0.119441345148;0.104152894644;0.769704936969;-0.236978499794;3.892826478232;-0.897644806892
0.220000000000;0.900000000000;0.024992940397;0.151594667928;0.126601727531;1.006416952137;-0.279274595263;4.940766001424;-0.684767438113
0.220000000000;0.940000000000;0.037630418124;0.174222740197;0.136592322072;1.242646768540;-0.455189537275;5.678259025880;-0.428863612800
0.220000000000;0.980000000000;0.061408103379;0.185903756952;0.124495653573;1.547986804212;-0.297221065687;6.058966152565;-0.146012709444
0.260000000000;0.020000000000;-0.028675975636;-0.062295397528;-0.033619421892;1.383801670050;-0.246031401718;6.156050750344;-0.048928111664
0.260000000000;0.060000000000;-0.008993463499;-0.058381148595;-0.049387685096;1.108152646035;-0.309195980782;5.769243441329;-0.143710001792
0.260000000000;0.100000000000;-0.003940297174;-0.050798597385;-0.046858300211;0.947811427824;-0.113987383049;5.019933349102;-0.229462063979
0.260000000000;0.140000000000;0.000125527145;-0.040024183477;-0.040149710622;0.745495719900;-0.099517887773;3.955202382528;-0.300796180783
0.260000000000;0.180000000000;0.004021133848;-0.026734902922;-0.030756036770;0.498937376931;-0.093796149466;2.641951504042;-0.353230167298
0.260000000000;0.220000000000;0.007629219102;-0.011765770093;-0.019394989195;0.221613293786;-0.084054957950;1.162697096140;-0.383469403312
0.260000000000;0.260000000000;0.010745530484;0.003942649343;-0.006802881141;-0.069539302902;-0.069383836743;-0.389613846414;-0.389613846414
0.260000000000;0.300000000000;0.013179926041;0.019403337620;0.006223411579;-0.356364302083;-0.050452575140;-1.917443918098;-0.371277418646
0.260000000000;0.340000000000;0.014781736495;0.033644842834;0.018863106339;-0.620859074925;-0.028398170177;-3.324793936542;-0.329612265202
0.260000000000;0.380000000000;0.015451779656;0.045772318836;0.030320539181;-0.846389603909;-0.004590761905;-4.523234924217;-0.267236360906
0.260000000000;0.420000000000;0.015148997448;0.055023751707;0.039874754259;-1.018766681120;0.019483957092;-5.437464426309;-0.188069013228
0.260000000000;0.460000000000;0.013893063088;0.060817839895;0.046924776806;-1.127145685939;0.042323409606;-6.010038040900;-0.097084597779
0.260000000000;0.500000000000;0.011763124679;0.062790519529;0.051027394850;-1.164707718270;0.062504054970;-6.204978862008;0.000000000000
0.260000000000;0.540000000000;0.008892738691;0.060817839895;0.051925101204;-1.129084936033;0.078774170820;-6.010038040900;0.097084597779
0.260000000000;0.580000000000;0.005461191013;0.055023751707;0.049562560694;-1.022504007586;0.090139735114;-5.437464426309;0.188069013228
0.260000000000;0.620000000000;0.001681559882;0.045772318836;0.044090758955;-0.851635402978;0.095940124992;-4.523234924217;0.267236360906
0.260000000000;0.660000000000;-0.002214018986;0.033644842834;0.035858861820;-0.627148625946;0.095910648536;-3.324793936542;0.329612265202
0.260000000000;0.700000000000;-0.005991292001;0.019403337620;0.025394629622;-0.362978016924;0.090223061949;-1.917443918098;0.371277418646
0.260000000000;0.740000000000;-0.009431863942;0.003942649343;0.013374513285;-0.075287943681;0.079465769633;-0.389613846414;0.389613846414
0.260000000000;0.780000000000;-0.012348553572;-0.011765770093;0.000582783479;0.218937562023;0.064419302771;1.162697096140;0.383469403312
0.260000000000;0.820000000000;-0.014585408164;-0.026734902922;-0.012149494759;0.503930882362;0.045144640664;2.641951504042;0.353230167298
0.260000000000;0.860000000000;-0.015960124825;-0.040024183477;-0.024064058652;0.768486516133;0.017892708502;3.955202382528;0.300796180783
0.260000000000;0.900000000000;-0.016016824844;-0.050798597385;-0.034781772541;1.012330916343;-0.034547726642;5.019933349102;0.229462063979
0.260000000000;0.940000000000;-0.013196306694;-0.058381148595;-0.045184841901;1.259627269311;-0.171488025493;5.769243441329;0.143710001792
0.260000000000;0.980000000000;-0.002297782804;-0.062295397528;-0.059997614724;1.589207813738;-0.136231548618;6.156050750344;0.048928111664
0.300000000000;0.020000000000;-0.083136464023;-0.306580303075;-0.223443839052;1.296293075053;-0.375972972389;5.866328039108;-0.240794599571
0.300000000000;0.060000000000;-0.053058626232;-0.287316735110;-0.234258108878;1.060134138036;-0.517256559555;5.497725073566;-0.707253788442
0.300000000000;0.100000000000;-0.041755939259;-0.250000000000;-0.208244060741;0.912844639715;-0.291715900336;4.783679822433;-1.129273620688
0.300000000000;0.140000000000;-0.029721354205;-0.196974845455;-0.167253491250;0.723070663290;-0.320965911455;3.769058374912;-1.480337038168
0.300000000000;0.180000000000;-0.016078666342;-0.131573036947;-0.115494370604;0.490054569053;-0.352953171675;2.517613128069;-1.738385435242
0.300000000000;0.220000000000;-0.001485100471;-0.057904010635;-0.056418910164;0.226820729293;-0.365766723364;1.107976989256;-1.887204682084
0.300000000000;0.260000000000;0.013182671527;0.019403337620;0.006220666093;-0.050486569291;-0.356247131118;-0.371277418646;-1.917443918098
0.300000000000;0.300000000000;0.027014670018;0.095491502813;0.068476832794;-0.324582720780;-0.324538445558;-1.827203100872;-1.827203100872
0.300000000000;0.340000000000;0.039145747171;0.165579585690;0.126433838519;-0.578290813630;-0.272507082319;-3.168318892288;-1.622152392836
0.300000000000;0.380000000000;0.048815236604;0.225263694239;0.176448457636;-0.795678377869;-0.203381951211;-4.310357555439;-1.315175884098
0.300000000000;0.420000000000;0.055416303268;0.270793656418;0.215377353150;-0.963083386200;-0.121490859979;-5.181560600995;-0.925562037684
0.300000000000;0.460000000000;0.058534505402;0.299308657254;0.240774151852;-1.069982273466;-0.031969886163;-5.727187137545;-0.477791724464
0.300000000000;0.500000000000;0.057973894161;0.309016994375;0.251043100214;-1.109653695677;0.059566665842;-5.912953443121;0.000000000000
0.300000000000;0.540000000000;0.053769172135;0.299308657254;0.245539485119;-1.079600094437;0.147385475308;-5.727187137545;0.477791724464
0.300000000000;0.580000000000;0.046183056137;0.270793656418;0.224610600281;-0.981701182247;0.226005846852;-5.181560600995;0.925562037684
0.300000000000;0.620000000000;0.035688704387;0.225263694239;0.189574989853;-0.822087089604;0.290567381436;-4.310357555439;1.315175884098
0.300000000000;0.660000000000;0.022937665622;0.165579585690;0.142641920068;-0.610730797672;0.337182360148;-3.168318892288;1.622152392836
0.300000000000;0.700000000000;0.008714115575;0.095491502813;0.086777387238;-0.360763628697;0.363269924027;-1.827203100872;1.827203100872
0.300000000000;0.740000000000;-0.006123928300;0.019403337620;0.025527265920;-0.087501402889;0.367874623971;-0.371277418646;1.917443918098
0.300000000000;0.780000000000;-0.020715854343;-0.057904010635;-0.037188156292;0.192896444184;0.351948523436;1.107976989256;1.887204682084
0.300000000000;0.820000000000;-0.034279810175;-0.131573036947;-0.097293226771;0.465395252873;0.318432705555;2.517613128069;1.738385435242
0.300000000000;0.860000000000;-0.046190470787;-0.196974845455;-0.150784374667;0.719404383593;0.271421534186;3.769058374912;1.480337038168
0.300000000000;0.900000000000;-0.055993532910;-0.250000000000;-0.194006467090;0.955299115586;0.211866157915;4.783679822433;1.129273620688
0.300000000000;0.940000000000;-0.063139763421;-0.287316735110;-0.224176971689;1.198695865024;0.121687360120;5.497725073566;0.707253788442
0.300000000000;0.980000000000;-0.065728521720;-0.306580303075;-0.240851781356;1.533399499904;0.032359478739;5.866328039108;0.240794599571
0.340000000000;0.020000000000;-0.132379421641;-0.531601640657;-0.399222219016;1.127125130515;-0.482190338734;5.208002362330;-0.417531077207
0.340000000000;0.060000000000;-0.093804194542;-0.498199154480;-0.404394959938;0.945022186914;-0.692644416120;4.880764420212;-1.226358218468
0.340000000000;0.100000000000;-0.076967868351;-0.433492983179;-0.356525114828;0.819936324785;-0.451050857795;4.246850099376;-1.958128762632
0.340000000000;0.140000000000;-0.057720125918;-0.341548853470;-0.283828727551;0.654732276189;-0.522307958435;3.346090567974;-2.566862875147
0.340000000000;0.180000000000;-0.035183231676;-0.228143953168;-0.192960721491;0.450064362714;-0.590046083463;2.235083860126;-3.014311552954
0.340000000000;0.220000000000;-0.010516439241;-0.100403929233;-0.089887489992;0.217586285957;-0.624596096294;0.983638613283;-3.272359950027
0.340000000000;0.260000000000;0.014784456027;0.033644842834;0.018860386807;-0.028388190640;-0.620787286816;-0.329612265202;-3.324793936542
0.340000000000;0.300000000000;0.039146543704;0.165579585690;0.126433041986;-0.272517127292;-0.578256819478;-1.622152392836;-3.168318892288
0.340000000000;0.340000000000;0.061045001585;0.287110354217;0.226065352632;-0.499506726027;-0.499493827266;-2.812766719769;-2.812766719769
0.340000000000;0.380000000000;0.079106049885;0.390600923271;0.311494873386;-0.695110380097;-0.389383334475;-3.826644569066;-2.280478069614
0.340000000000;0.420000000000;0.092195668344;0.469548599787;0.377352931443;-0.847041486731;-0.254819938505;-4.600080266674;-1.604898595334
0.340000000000;0.460000000000;0.099491644966;0.518992810898;0.419501165933;-0.945753369373;-0.104246899871;-5.084476003216;-0.828477439905
0.340000000000;0.500000000000;0.100535420333;0.535826794979;0.435291374646;-0.985042086898;0.052886233999;-5.249395413081;0.000000000000
0.340000000000;0.540000000000;0.095260746246;0.518992810898;0.423732064653;-0.962436545230;0.206726684250;-5.084476003216;0.828477439905
0.340000000000;0.580000000000;0.083997285593;0.469548599787;0.385551314193;-0.879351740443;0.347652739947;-4.600080266674;1.604898595334
0.340000000000;0.620000000000;0.067448527050;0.390600923271;0.323152396222;-0.740993405703;0.466910509567;-3.826644569066;2.280478069614
0.340000000000;0.660000000000;0.046644444828;0.287110354217;0.240465909390;-0.556013041355;0.557234109443;-2.812766719769;2.812766719769
0.340000000000;0.700000000000;0.022869798294;0.165579585690;0.142709787396;-0.335915880116;0.613452456732;-1.622152392836;3.168318892288
0.340000000000;0.740000000000;-0.002431751711;0.033644842834;0.036076594545;-0.094208834253;0.633125842514;-0.329612265202;3.324793936542
0.340000000000;0.780000000000;-0.027780269107;-0.100403929233;-0.072623660127;0.154787452060;0.617315958533;0.983638613283;3.272359950027
0.340000000000;0.820000000000;-0.051817028393;-0.228143953168;-0.176326924774;0.397717677555;0.571652580073;2.235083860126;3.014311552954
0.340000000000;0.860000000000;-0.073512475513;-0.341548853470;-0.268036377957;0.625281834831;0.507796571215;3.346090567974;2.566862875147
0.340000000000;0.900000000000;-0.092440754091;-0.433492983179;-0.341052229089;0.838515925671;0.444743754789;4.246850099376;1.958128762632
0.340000000000;0.940000000000;-0.109091975896;-0.498199154480;-0.389107178585;1.062989116321;0.406612358825;4.880764420212;1.226358218468
0.340000000000;0.980000000000;-0.124969742797;-0.531601640657;-0.406631897860;1.382538362089;0.198472086262;5.208002362330;0.417531077207
0.380000000000;0.020000000000;-0.173306474464;-0.723220492062;-0.549914017597;0.887063417698;-0.558075915990;4.222438743434;-0.568032541689
0.380000000000;0.060000000000;-0.128660401185;-0.677777888727;-0.549117487542;0.770371740818;-0.824445365285;3.957127388141;-1.668406051396
0.380000000000;0.100000000000;-0.107350845242;-0.589748007950;-0.482397162709;0.675290994259;-0.582005811062;3.443175165754;-2.663947472926
0.380000000000;0.140000000000;-0.082099936300;-0.464662090893;-0.382562154592;0.545050569700;-0.690837873525;2.712875584590;-3.492103277418
0.380000000000;0.180000000000;-0.052083815359;-0.310379745757;-0.258295930397;0.381643123467;-0.790099161906;1.812116053188;-4.100837389933
0.380000000000;0.220000000000;-0.018892003348;-0.136595099698;-0.117703096350;0.194580466304;-0.844219276718;0.797494605668;-4.451900807413
0.380000000000;0.260000000000;0.015453726778;0.045772318836;0.030318592058;-0.004571785111;-0.846350544367;-0.267236360906;-4.523234924217
0.380000000000;0.300000000000;0.048816040202;0.225263694239;0.176447654038;-0.203379335142;-0.795656980945;-1.315175884098;-4.310357555439
0.380000000000;0.340000000000;0.079106285254;0.390600923271;0.311494638018;-0.389386346206;-0.695100335124;-2.280478069614;-3.826644569066
0.380000000000;0.380000000000;0.104424067012;0.531395259765;0.426971192753;-0.550920536135;-0.550916711916;-3.102489431004;-3.102489431004
0.380000000000;0.420000000000;0.123179622207;0.638800077752;0.515620455545;-0.677837789263;-0.372133849255;-3.729559971286;-2.183393471835
0.380000000000;0.460000000000;0.134194774952;0.706066737511;0.571871962559;-0.762165135492;-0.169970486330;-4.122288542211;-1.127106870870
0.380000000000;0.500000000000;0.136777261113;0.728968627421;0.592191366308;-0.798604232498;0.042883489984;-4.255998563311;0.000000000000
0.380000000000;0.540000000000;0.130764095753;0.706066737511;0.575302641758;-0.784865017247;0.253075821763;-4.122288542211;1.127106870870
0.380000000000;0.580000000000;0.116531195372;0.638800077752;0.522268882380;-0.721808748554;0.447448986380;-3.729559971286;2.183393471835
0.380000000000;0.620000000000;0.094968176843;0.531395259765;0.436427082922;-0.613389952828;0.613906080525;-3.102489431004;3.102489431004
0.380000000000;0.660000000000;0.067418708930;0.390600923271;0.323182214341;-0.466395606609;0.742259885735;-2.280478069614;3.826644569066
0.380000000000;0.700000000000;0.035587385984;0.225263694239;0.189676308255;-0.289982667518;0.825074131129;-1.315175884098;4.310357555439
0.380000000000;0.740000000000;0.001412778440;0.045772318836;0.044359540396;-0.095001184300;0.858577956147;-0.267236360906;4.523234924217
0.380000000000;0.780000000000;-0.033098850508;-0.136595099698;-0.103496249190;0.106966433391;0.843875035244;0.797494605668;4.451900807413
0.380000000000;0.820000000000;-0.066097224380;-0.310379745757;-0.244282521377;0.305084328057;0.788927088326;1.812116053188;4.100837389933
0.380000000000;0.860000000000;-0.096213017574;-0.464662090893;-0.368449073319;0.491932345995;0.712219782302;2.712875584590;3.492103277418
0.380000000000;0.900000000000;-0.123074806964;-0.589748007950;-0.466673200986;0.669158609974;0.649573439406;3.443175165754;2.663947472926
0.380000000000;0.940000000000;-0.148178892726;-0.677777888727;-0.529598996000;0.860729100020;0.665709796537;3.957127388141;1.668406051396
0.380000000000;0.980000000000;-0.176331590687;-0.723220492062;-0.546888901375;1.145396363865;0.351908724506;4.222438743434;0.568032541689
0.420000000000;0.020000000000;-0.203344495057;-0.869396740132;-0.666052245075;0.591234986674;-0.598882015614;2.971563769244;-0.682842432500
0.420000000000;0.060000000000;-0.155433933807;-0.814769345532;-0.659335411724;0.547262830381;-0.904416839559;2.784849488976;-2.005621796148
0.420000000000;0.100000000000;-0.130991147892;-0.708946996440;-0.577955848548;0.488135684529;-0.676372028913;2.423152873355;-3.202380566182
0.420000000000;0.140000000000;-0.101324171494;-0.558578900237;-0.457254728743;0.401038926464;-0.815955829227;1.909200650968;-4.197921987712
0.420000000000;0.180000000000;-0.065714681554;-0.373113237423;-0.307398555869;0.289174032676;-0.940516186859;1.275286330132;-4.929692531876
0.420000000000;0.220000000000;-0.026082876546;-0.164203497687;-0.138120621141;0.159300455357;-1.010811004872;0.561241078999;-5.351712364122
0.420000000000;0.260000000000;0.015150198836;0.055023751707;0.039873552871;0.019499834858;-1.018747088261;-0.188069013228;-5.437464426309
0.420000000000;0.300000000000;0.055416890515;0.270793656418;0.215376765903;-0.121485443261;-0.963071380573;-0.925562037684;-5.181560600995
0.420000000000;0.340000000000;0.092195909282;0.469548599787;0.377352690505;-0.254819234100;-0.847035028260;-1.604898595334;-4.600080266674
0.420000000000;0.380000000000;0.123179692776;0.638800077752;0.515620384976;-0.372134763028;-0.677834777533;-2.183393471835;-3.729559971286
0.420000000000;0.420000000000;0.146422691485;0.767913397489;0.621490706005;-0.466065687615;-0.466064537861;-2.624697706540;-2.624697706540
0.420000000000;0.460000000000;0.160464855805;0.848775894275;0.688311038470;-0.530712201345;-0.225013343106;-2.901082531381;-1.354916031930
0.420000000000;0.500000000000;0.164423758933;0.876306680044;0.711882921111;-0.562013544561;0.030186352244;-2.995181671340;0.000000000000
0.420000000000;0.540000000000;0.158049947625;0.848775894275;0.690725946650;-0.558004084866;0.283522168194;-2.901082531381;1.354916031930
0.420000000000;0.580000000000;0.141741985478;0.767913397489;0.626171412012;-0.518937033186;0.519127804367;-2.624697706540;2.624697706540
0.420000000000;0.620000000000;0.116519723276;0.638800077752;0.522280354476;-0.447267240606;0.722323651512;-2.183393471835;3.729559971286
0.420000000000;0.660000000000;0.083956093357;0.469548599787;0.385592506430;-0.347490858791;0.880641394753;-1.604898595334;4.600080266674
0.420000000000;0.700000000000;0.046068411696;0.270793656418;0.224725244722;-0.225841443000;0.984846879042;-0.925562037684;5.181560600995
0.420000000000;0.740000000000;0.005168343033;0.055023751707;0.049855408674;-0.089830682506;1.030074943423;-0.188069013228;5.437464426309
0.420000000000;0.780000000000;-0.036337583778;-0.164203497687;-0.127865913909;0.052424908021;1.017401470891;0.561241078999;5.351712364122
0.420000000000;0.820000000000;-0.076223774638;-0.373113237423;-0.296889462785;0.193290243292;0.956618492677;1.275286330132;4.929692531876
0.420000000000;0.860000000000;-0.112867063192;-0.558578900237;-0.445711837045;0.327693523868;0.871870853132;1.909200650968;4.197921987712
0.420000000000;0.900000000000;-0.145973442889;-0.708946996440;-0.562973553551;0.457799035163;0.813540508814;2.423152873355;3.202380566182
0.420000000000;0.940000000000;-0.177950303897;-0.814769345532;-0.636819041634;0.604487040182;0.882850112716;2.784849488976;2.005621796148
0.420000000000;0.980000000000;-0.216601451906;-0.869396740132;-0.652795288226;0.836547143330;0.483139350107;2.971563769244;0.682842432500
0.460000000000;0.020000000000;-0.220605273398;-0.960945593601;-0.740340320203;0.258234070679;-0.602048072283;1.533974514786;-0.754746821958
0.460000000000;0.060000000000;-0.172441427616;-0.900565847845;-0.728124420229;0.289747682714;-0.927544667430;1.437589254458;-2.216816947286
0.460000000000;0.100000000000;-0.146401700004;-0.783600237818;-0.637198537815;0.270280241723;-0.728229714978;1.250874974190;-3.539596310934
0.460000000000;0.140000000000;-0.114183050417;-0.617398142970;-0.503215092553;0.231796833501;-0.889799525379;0.985563618896;-4.639969820641
0.460000000000;0.180000000000;-0.075217737974;-0.412402652167;-0.337184914194;0.178507589837;-1.031837633014;0.658325676778;-5.448796961902
0.460000000000;0.220000000000;-0.031636039776;-0.181494386018;-0.149858346242;0.113991268143;-1.113893474536;0.289722711236;-5.915256150773
0.460000000000;0.260000000000;0.013893739989;0.060817839895;0.046924099905;0.042333952272;-1.127136442984;-0.097084597779;-6.010038040900
0.460000000000;0.300000000000;0.058534875663;0.299308657254;0.240773781592;-0.031965211768;-1.069976049903;-0.477791724464;-5.727187137545
0.460000000000;0.340000000000;0.099491823982;0.518992810898;0.419500986917;-0.104245324457;-0.945749654891;-0.828477439905;-5.084476003216
0.460000000000;0.380000000000;0.134194848054;0.706066737511;0.571871889458;-0.169970292540;-0.762163165430;-1.127106870870;-4.122288542211
0.460000000000;0.420000000000;0.160464877216;0.848775894275;0.688311017059;-0.225013623101;-0.530711287573;-1.354916031930;-2.901082531381
0.460000000000;0.460000000000;0.176651751060;0.938153340022;0.761501588962;-0.265918692923;-0.265918343277;-1.497590835670;-1.497590835670
0.460000000000;0.500000000000;0.181738344678;0.968583161129;0.786844816451;-0.290116976899;0.015591606464;-1.546166499452;0.000000000000
0.460000000000;0.540000000000;0.175404422543;0.938153340022;0.762748917479;-0.296090454147;0.296152333138;-1.497590835670;1.497590835670
0.460000000000;0.580000000000;0.158046158027;0.848775894275;0.690729736248;-0.283468183142;0.558185830640;-1.354916031930;2.901082531381
0.460000000000;0.620000000000;0.130749556091;0.706066737511;0.575317181420;-0.253050994579;0.785352254920;-1.127106870870;4.122288542211
0.460000000000;0.660000000000;0.095217977633;0.518992810898;0.423774833265;-0.206761679663;0.963685683341;-0.828477439905;5.084476003216
0.460000000000;0.700000000000;0.053654701424;0.299308657254;0.245653955830;-0.147518740837;1.082734307413;-0.477791724464;5.727187137545
0.460000000000;0.740000000000;0.008599233040;0.060817839895;0.052218606854;-0.079023572229;1.136844307169;-0.097084597779;6.010038040900
0.460000000000;0.780000000000;-0.037292843149;-0.181494386018;-0.144201542868;-0.005416811040;1.126995961042;0.289722711236;5.915256150773
0.460000000000;0.820000000000;-0.081560443843;-0.412402652167;-0.330842208324;0.069347197551;1.064195704173;0.658325676778;5.448796961902
0.460000000000;0.860000000000;-0.122428499483;-0.617398142970;-0.494969643487;0.142864707533;0.976728574174;0.985563618896;4.639969820641
0.460000000000;0.900000000000;-0.159698729777;-0.783600237818;-0.623901508042;0.217683615115;0.926366955720;1.250874974190;3.539596310934
0.460000000000;0.940000000000;-0.196537855941;-0.900565847845;-0.704027991904;0.310297120320;1.044457904704;1.437589254458;2.216816947286
0.460000000000;0.980000000000;-0.243255362153;-0.960945593601;-0.717690231448;0.475241514844;0.583968827655;1.533974514786;0.754746821958
0.500000000000;0.020000000000;-0.224003220711;-0.992114701314;-0.768111480604;-0.091033099522;-0.567368403579;0.000000000000;-0.779227692828
0.500000000000;0.060000000000;-0.178613748425;-0.929776485888;-0.751162737464;0.014013471816;-0.892370668515;0.000000000000;-2.288721336744
0.500000000000;0.100000000000;-0.152613567230;-0.809016994375;-0.656403427145;0.035429191766;-0.734322878126;0.000000000000;-3.654406201745
0.500000000000;0.140000000000;-0.119867918174;-0.637423989749;-0.517556071574;0.047978299504;-0.907728481114;0.000000000000;-4.790471285123
0.500000000000;0.180000000000;-0.079995288741;-0.425779291565;-0.345784002824;0.056616664265;-1.058321752217;0.000000000000;-5.625533439537
0.500000000000;0.220000000000;-0.035202177997;-0.187381314586;-0.152179136589;0.061516558227;-1.146984642436;0.000000000000;-6.107122638680
0.500000000000;0.260000000000;0.011763482654;0.062790519529;0.051027036875;0.062510259899;-1.164703568172;0.000000000000;-6.204978862008
0.500000000000;0.300000000000;0.057974107457;0.309016994375;0.251042886918;0.059569852322;-1.109650657303;0.000000000000;-5.912953443121
0.500000000000;0.340000000000;0.100535535239;0.535826794979;0.435291259740;0.052887628725;-0.985040109033;0.000000000000;-5.249395413081
0.500000000000;0.380000000000;0.136777316179;0.728968627421;0.592191311242;0.042883955250;-0.798603076177;0.000000000000;-4.255998563311
0.500000000000;0.420000000000;0.164423781333;0.876306680044;0.711882898711;0.030186406509;-0.562012938245;0.000000000000;-2.995181671340
0.500000000000;0.460000000000;0.181738351239;0.968583161129;0.786844809890;0.015591519948;-0.290116696904;0.000000000000;-1.546166499452
0.500000000000;0.500000000000;0.187633117085;1.000000000000;0.812366882915;0.000014483672;0.000014591020;0.000000000000;0.000000000000
0.500000000000;0.540000000000;0.181737183957;0.968583161129;0.786845977171;-0.015569414924;0.290170961951;0.000000000000;1.546166499452
0.500000000000;0.580000000000;0.164419440129;0.876306680044;0.711887239915;-0.030188157438;0.562167263935;0.000000000000;2.995181671340
0.500000000000;0.620000000000;0.136763802842;0.728968627421;0.592204824579;-0.042938031249;0.799030154990;0.000000000000;4.255998563311
0.500000000000;0.660000000000;0.100497027730;0.535826794979;0.435329767249;-0.053047479064;0.986173648495;0.000000000000;5.249395413081
0.500000000000;0.700000000000;0.057869910963;0.309016994375;0.251147083412;-0.059936437167;1.112584986475;0.000000000000;5.912953443121
0.500000000000;0.740000000000;0.011490228812;0.062790519529;0.051300290718;-0.063263342360;1.172176873220;0.000000000000;6.204978862008
0.500000000000;0.780000000000;-0.035904238895;-0.187381314586;-0.151477075691;-0.062932721387;1.165772240671;0.000000000000;6.107122638680
0.500000000000;0.820000000000;-0.081771550442;-0.425779291565;-0.344007741123;-0.058969605151;1.104900011250;0.000000000000;5.625533439537
0.500000000000;0.860000000000;-0.124296239795;-0.637423989749;-0.513127749954;-0.050958245765;1.020207270696;0.000000000000;4.790471285123
0.500000000000;0.900000000000;-0.163388132098;-0.809016994375;-0.645628862277;-0.036125779081;0.980972921601;0.000000000000;3.654406201745
0.500000000000;0.940000000000;-0.202774073523;-0.929776485888;-0.727002412365;-0.003397695782;1.140408012445;0.000000000000;2.288721336744
0.500000000000;0.980000000000;-0.254620773093;-0.992114701314;-0.737493928221;0.084096682049;0.648083744631;0.000000000000;0.779227692828
0.540000000000;0.020000000000;-0.213322625436;-0.960945593601;-0.747622968165;-0.434673075459;-0.497001500945;-1.533974514786;-0.754746821958
0.540000000000;0.060000000000;-0.173562505361;-0.900565847845;-0.727003342484;-0.262624908947;-0.801082376141;-1.437589254458;-2.216816947286
0.540000000000;0.100000000000;-0.149236035345;-0.783600237818;-0.634364202473;-0.201662353452;-0.694264887290;-1.250874974190;-3.539596310934
0.540000000000;0.140000000000;-0.118021314378;-0.617398142970;-0.499376828592;-0.138861529302;-0.868612052880;-0.985563618896;-4.639969820641
0.540000000000;0.180000000000;-0.079747071115;-0.412402652167;-0.332655581052;-0.068829890958;-1.018299374291;-0.658325676778;-5.448796961902
0.540000000000;0.220000000000;-0.036557364434;-0.181494386018;-0.144937021583;0.005187095907;-1.107999878902;-0.289722711236;-5.915256150773
0.540000000000;0.260000000000;0.008892919197;0.060817839895;0.051924920697;0.078777549698;-1.129083148890;0.097084597779;-6.010038040900
0.540000000000;0.300000000000;0.053769287477;0.299308657254;0.245539369777;0.147387398256;-1.079598681076;0.477791724464;-5.727187137545
0.540000000000;0.340000000000;0.095260813684;0.518992810898;0.423731997215;0.206727655975;-0.962435551963;0.828477439905;-5.084476003216
0.540000000000;0.380000000000;0.130764131634;0.706066737511;0.575302605878;0.253076242648;-0.784864387647;1.127106870870;-4.122288542211
0.540000000000;0.420000000000;0.158049964695;0.848775894275;0.690725929580;0.283522307362;-0.558003722874;1.354916031930;-2.901082531381
0.540000000000;0.460000000000;0.175404429464;0.938153340022;0.762748910558;0.296152348560;-0.296090266114;1.497590835670;-1.497590835670
0.540000000000;0.500000000000;0.181737185984;0.968583161129;0.786845975144;0.290170935026;-0.015569328408;1.546166499452;0.000000000000
0.540000000000;0.540000000000;0.176649975736;0.938153340022;0.761503364285;0.265949658803;0.265949692029;1.497590835670;1.497590835670
0.540000000000;0.580000000000;0.160461210622;0.848775894275;0.688314683653;0.225000930855;0.530817214314;1.354916031930;2.901082531381
0.540000000000;0.620000000000;0.134184598591;0.706066737511;0.571882138920;0.169876659080;0.762492933294;1.127106870870;4.122288542211
0.540000000000;0.660000000000;0.099461775959;0.518992810898;0.419531034940;0.103994714467;0.946687277423;0.828477439905;5.084476003216
0.540000000000;0.700000000000;0.058449616397;0.299308657254;0.240859040857;0.031397691822;1.072518444117;0.477791724464;5.727187137545
0.540000000000;0.740000000000;0.013660300429;0.060817839895;0.047157539465;-0.043551014857;1.133848022948;0.097084597779;6.010038040900
0.540000000000;0.780000000000;-0.032258225438;-0.181494386018;-0.149236160579;-0.116525600020;1.131289698251;-0.289722711236;5.915256150773
0.540000000000;0.820000000000;-0.076842875431;-0.412402652167;-0.335559776736;-0.183620105030;1.076170179795;-0.658325676778;5.448796961902
0.540000000000;0.860000000000;-0.118351839822;-0.617398142970;-0.499046303148;-0.241625335257;0.999572400244;-0.985563618896;4.639969820641
0.540000000000;0.900000000000;-0.156808667450;-0.783600237818;-0.626791570368;-0.287717289735;0.973927505702;-1.250874974190;3.539596310934
0.540000000000;0.940000000000;-0.196266040278;-0.900565847845;-0.704299807566;-0.316934232533;1.164680365835;-1.437589254458;2.216816947286
0.540000000000;0.980000000000;-0.249983096717;-0.960945593601;-0.710962496884;-0.312381660434;0.671463205486;-1.533974514786;0.754746821958
0.580000000000;0.020000000000;-0.189229374674;-0.869396740132;-0.680167365457;-0.751220111375;-0.395320237068;-2.971563769244;-0.682842432500
0.580000000000;0.060000000000;-0.157603755709;-0.814769345532;-0.657165589823;-0.522823566536;-0.659359946508;-2.784849488976;-2.005621796148
0.580000000000;0.100000000000;-0.136480578954;-0.708946996440;-0.572466417486;-0.426119055642;-0.610559498481;-2.423152873355;-3.202380566182
0.580000000000;0.140000000000;-0.108758995830;-0.558578900237;-0.449819904407;-0.316991481254;-0.774896018620;-1.909200650968;-4.197921987712
0.580000000000;0.180000000000;-0.074488897464;-0.373113237423;-0.298624339959;-0.189945491327;-0.914273127007;-1.275286330132;-4.929692531876
0.580000000000;0.220000000000;-0.035617145670;-0.164203497687;-0.128586352017;-0.051441123804;-0.999377201780;-0.561241078999;-5.351712364122
0.580000000000;0.260000000000;0.005461278678;0.055023751707;0.049562473028;0.090141475273;-1.022503265822;0.188069013228;-5.437464426309
0.580000000000;0.300000000000;0.046183115596;0.270793656418;0.224610540822;0.226006919752;-0.981700551026;0.925562037684;-5.181560600995
0.580000000000;0.340000000000;0.083997322761;0.469548599787;0.385551277026;0.347653338804;-0.879351264641;1.604898595334;-4.600080266674
0.580000000000;0.380000000000;0.116531216767;0.638800077752;0.522268860984;0.447449285055;-0.721808424790;2.183393471835;-3.729559971286
0.580000000000;0.420000000000;0.141741996744;0.767913397489;0.626171400746;0.519127932608;-0.518936832333;2.624697706540;-2.624697706540
0.580000000000;0.460000000000;0.158046163354;0.848775894275;0.690729730921;0.558185872718;-0.283468069239;2.901082531381;-1.354916031930
0.580000000000;0.500000000000;0.164419442283;0.876306680044;0.711887237761;0.562167268373;-0.030188098737;2.995181671340;0.000000000000
0.580000000000;0.540000000000;0.160461211253;0.848775894275;0.688314683022;0.530817205882;0.225000957779;2.901082531381;1.354916031930
0.580000000000;0.580000000000;0.146419365660;0.767913397489;0.621494031829;0.466094253857;0.466094264212;2.624697706540;2.624697706540
0.580000000000;0.620000000000;0.123173670116;0.638800077752;0.515626407636;0.372039155293;0.678023938603;2.183393471835;3.729559971286
0.580000000000;0.660000000000;0.092177450572;0.469548599787;0.377371149214;0.254502425029;0.847694681236;1.604898595334;4.600080266674
0.580000000000;0.700000000000;0.055358095617;0.270793656418;0.215435560801;0.120736259407;0.965039257151;0.925562037684;5.181560600995
0.580000000000;0.740000000000;0.014974310000;0.055023751707;0.040049441707;-0.021147332704;1.024253581378;0.188069013228;5.437464426309
0.580000000000;0.780000000000;-0.026582190893;-0.164203497687;-0.137621306794;-0.162863325227;1.025703150499;-0.561241078999;5.351712364122
0.580000000000;0.820000000000;-0.067081942040;-0.373113237423;-0.306031295383;-0.296819868711;0.979800276014;-1.275286330132;4.929692531876
0.580000000000;0.860000000000;-0.104966212974;-0.558578900237;-0.453612687263;-0.417216048178;0.916110085991;-1.909200650968;4.197921987712
0.580000000000;0.900000000000;-0.140370748919;-0.708946996440;-0.568576247521;-0.521354518689;0.905664024325;-2.423152873355;3.202380566182
0.580000000000;0.940000000000;-0.177419334920;-0.814769345532;-0.637350010611;-0.610698142828;1.115743641746;-2.784849488976;2.005621796148
0.580000000000;0.980000000000;-0.229630240259;-0.869396740132;-0.639766499873;-0.689388338828;0.652636316730;-2.971563769244;0.682842432500
0.620000000000;0.020000000000;-0.153225016526;-0.723220492062;-0.569995475535;-1.021077047737;-0.268604956106;-4.222438743434;-0.568032541689
0.620000000000;0.060000000000;-0.131736620038;-0.677777888727;-0.546041268689;-0.750339821123;-0.475981320407;-3.957127388141;-1.668406051396
0.620000000000;0.100000000000;-0.115146510894;-0.589748007950;-0.474601497056;-0.623907653876;-0.488432802007;-3.443175165754;-2.663947472926
0.620000000000;0.140000000000;-0.092661995877;-0.464662090893;-0.372000095015;-0.475258799233;-0.632438488566;-2.712875584590;-3.492103277418
0.620000000000;0.180000000000;-0.064551431809;-0.310379745757;-0.245828313948;-0.299128357785;-0.752749016841;-1.812116053188;-4.100837389933
0.620000000000;0.220000000000;-0.032442074530;-0.136595099698;-0.104153025168;-0.104786808301;-0.827912912302;-0.797494605668;-4.451900807413
0.620000000000;0.260000000000;0.001681601176;0.045772318836;0.044090717661;0.095940983773;-0.851635105334;0.267236360906;-4.523234924217
0.620000000000;0.300000000000;0.035688733897;0.225263694239;0.189574960343;0.290567947212;-0.822086817545;1.315175884098;-4.310357555439
0.620000000000;0.340000000000;0.067448546579;0.390600923271;0.323152376692;0.466910850680;-0.740993186660;2.280478069614;-3.826644569066
0.620000000000;0.380000000000;0.094968188829;0.531395259765;0.436427070935;0.613906267914;-0.613389793843;3.102489431004;-3.102489431004
0.620000000000;0.420000000000;0.116519730087;0.638800077752;0.522280347665;0.722323743958;-0.447267135212;3.729559971286;-2.183393471835
0.620000000000;0.460000000000;0.130749559646;0.706066737511;0.575317177865;0.785352294321;-0.253050930349;4.122288542211;-1.127106870870
0.620000000000;0.500000000000;0.136763804515;0.728968627421;0.592204822907;0.799030167830;-0.042937995243;4.255998563311;0.000000000000
0.620000000000;0.540000000000;0.134184599266;0.706066737511;0.571882138246;0.762492934585;0.169876677512;4.122288542211;1.127106870870
0.620000000000;0.580000000000;0.123173670314;0.638800077752;0.515626407438;0.678023935948;0.372039163725;3.729559971286;2.183393471835
0.620000000000;0.620000000000;0.104421466168;0.531395259765;0.426973793597;0.550901101218;0.550901104466;3.102489431004;3.102489431004
0.620000000000;0.660000000000;0.079101581956;0.390600923271;0.311499341315;0.389042596482;0.695384381537;2.280478069614;3.826644569066
0.620000000000;0.700000000000;0.048790715645;0.225263694239;0.176472978595;0.202457276041;0.796868686385;1.315175884098;4.310357555439
0.620000000000;0.740000000000;0.015352087046;0.045772318836;0.030420231791;0.002498620513;0.850248438314;0.267236360906;4.523234924217
0.620000000000;0.780000000000;-0.019229159420;-0.136595099698;-0.117365940278;-0.199107643052;0.855617162243;-0.797494605668;4.451900807413
0.620000000000;0.820000000000;-0.053097285934;-0.310379745757;-0.257282459823;-0.391559580885;0.821817456845;-1.812116053188;4.100837389933
0.620000000000;0.860000000000;-0.084974555968;-0.464662090893;-0.379687534925;-0.566828953270;0.775037750266;-2.712875584590;3.492103277418
0.620000000000;0.900000000000;-0.115100305955;-0.589748007950;-0.474647701995;-0.722515666804;0.780445411052;-3.443175165754;2.663947472926
0.620000000000;0.940000000000;-0.147410188852;-0.677777888727;-0.530367699875;-0.866417247087;0.996646545695;-3.957127388141;1.668406051396
0.620000000000;0.980000000000;-0.194832029611;-0.723220492062;-0.528388462451;-1.023452516213;0.592773009486;-4.222438743434;0.568032541689
0.660000000000;0.020000000000;-0.107543210855;-0.531601640657;-0.424058429802;-1.227947402944;-0.124583010454;-5.208002362330;-0.417531077207
0.660000000000;0.060000000000;-0.097576570019;-0.498199154480;-0.400622584461;-0.931161661957;-0.262190552647;-4.880764420212;-1.226358218468
0.660000000000;0.100000000000;-0.086567966643;-0.433492983179;-0.346925016536;-0.782800799978;-0.335478476590;-4.246850099376;-1.958128762632
0.660000000000;0.140000000000;-0.070738291892;-0.341548853470;-0.270810561578;-0.603848581344;-0.450116722529;-3.346090567974;-2.566862875147
0.660000000000;0.180000000000;-0.050558628841;-0.228143953168;-0.177585324327;-0.389572323008;-0.543801136075;-2.235083860126;-3.014311552954
0.660000000000;0.220000000000;-0.027234201006;-0.100403929233;-0.073169728228;-0.151474486061;-0.604307860222;-0.983638613283;-3.272359950027
0.660000000000;0.260000000000;-0.002214000023;0.033644842834;0.035858842858;0.095911058184;-0.627148510309;0.329612265202;-3.324793936542
0.660000000000;0.300000000000;0.022937679819;0.165579585690;0.142641905871;0.337182645843;-0.610730684119;1.622152392836;-3.168318892288
0.660000000000;0.340000000000;0.046644454706;0.287110354217;0.240465899511;0.557234293031;-0.556012943939;2.812766719769;-2.812766719769
0.660000000000;0.380000000000;0.067418715334;0.390600923271;0.323182207937;0.742259994392;-0.466395531511;3.826644569066;-2.280478069614
0.660000000000;0.420000000000;0.083956097227;0.469548599787;0.385592502560;0.880641453654;-0.347490805926;4.600080266674;-1.604898595334
0.660000000000;0.460000000000;0.095217979808;0.518992810898;0.423774831090;0.963685712133;-0.206761645367;5.084476003216;-0.828477439905
0.660000000000;0.500000000000;0.100497028856;0.535826794979;0.435329766123;0.986173660688;-0.053047458473;5.249395413081;0.000000000000
0.660000000000;0.540000000000;0.099461776486;0.518992810898;0.419531034412;0.946687281373;0.103994725897;5.084476003216;0.828477439905
0.660000000000;0.580000000000;0.092177450785;0.469548599787;0.377371149002;0.847694681616;0.254502430846;4.600080266674;1.604898595334
0.660000000000;0.620000000000;0.079101582019;0.390600923271;0.311499341253;0.695384380697;0.389042599137;3.826644569066;2.280478069614
0.660000000000;0.660000000000;0.061054042854;0.287110354217;0.226056311364;0.499250855036;0.499250856059;2.812766719769;2.812766719769
0.660000000000;0.700000000000;0.039161513534;0.165579585690;0.126418072156;0.271437506463;0.578495281182;1.622152392836;3.168318892288
0.660000000000;0.740000000000;0.014774420359;0.033644842834;0.018870422475;0.025832603494;0.622688662284;0.329612265202;3.324793936542
0.660000000000;0.780000000000;-0.010653579449;-0.100403929233;-0.089750349784;-0.223128378721;0.631644949101;-0.983638613283;3.272359950027
0.660000000000;0.820000000000;-0.035757175569;-0.228143953168;-0.192386777599;-0.462108081106;0.612078965796;-2.235083860126;3.014311552954
0.660000000000;0.860000000000;-0.059619896713;-0.341548853470;-0.281928956757;-0.681353930890;0.585154000072;-3.346090567974;2.566862875147
0.660000000000;0.900000000000;-0.082569495575;-0.433492983179;-0.350923487605;-0.878915696263;0.606075730507;-4.246850099376;1.958128762632
0.660000000000;0.940000000000;-0.108105955153;-0.498199154480;-0.390093199327;-1.068440671283;0.814806792336;-4.880764420212;1.226358218468
0.660000000000;0.980000000000;-0.147754038962;-0.531601640657;-0.383847601695;-1.294066349977;0.495601047604;-5.208002362330;0.417531077207
0.700000000000;0.020000000000;-0.054989224291;-0.306580303075;-0.251591078785;-1.360275992832;0.028180784881;-5.866328039108;-0.240794599571
0.700000000000;0.060000000000;-0.057243687081;-0.287316735110;-0.230073048028;-1.054667888563;-0.030834717442;-5.497725073566;-0.707253788442
0.700000000000;0.100000000000;-0.052522446896;-0.250000000000;-0.197477553104;-0.893367900747;-0.161119721395;-4.783679822433;-1.129273620688
0.700000000000;0.140000000000;-0.044354109370;-0.196974845455;-0.152620736085;-0.695070029069;-0.239210011595;-3.769058374912;-1.480337038168
0.700000000000;0.180000000000;-0.033385645968;-0.131573036947;-0.098187390979;-0.455804006285;-0.300374921557;-2.517613128069;-1.738385435242
0.700000000000;0.220000000000;-0.020324115645;-0.057904010635;-0.037579894990;-0.188590519073;-0.342429531110;-1.107976989256;-1.887204682084
0.700000000000;0.260000000000;-0.005991283479;0.019403337620;0.025394621099;0.090223251981;-0.362977973430;0.371277418646;-1.917443918098
0.700000000000;0.300000000000;0.008714122229;0.095491502813;0.086777380583;0.363270063364;-0.360763582699;1.827203100872;-1.827203100872
0.700000000000;0.340000000000;0.022869803137;0.165579585690;0.142709782553;0.613452551315;-0.335915838111;3.168318892288;-1.622152392836
0.700000000000;0.380000000000;0.035587389278;0.225263694239;0.189676304961;0.825074190656;-0.289982633219;4.310357555439;-1.315175884098
0.700000000000;0.420000000000;0.046068413794;0.270793656418;0.224725242624;0.984846913728;-0.225841417470;5.181560600995;-0.925562037684
0.700000000000;0.460000000000;0.053654702676;0.299308657254;0.245653954578;1.082734326005;-0.147518723315;5.727187137545;-0.477791724464
0.700000000000;0.500000000000;0.057869911659;0.309016994375;0.251147082715;1.112584995492;-0.059936426004;5.912953443121;0.000000000000
0.700000000000;0.540000000000;0.058449616756;0.299308657254;0.240859040498;1.072518447915;0.031397698439;5.727187137545;0.477791724464
0.700000000000;0.580000000000;0.055358095784;0.270793656418;0.215435560634;0.965039258374;0.120736263049;5.181560600995;0.925562037684
0.700000000000;0.620000000000;0.048790715712;0.225263694239;0.176472978527;0.796868686497;0.202457277886;4.310357555439;1.315175884098
0.700000000000;0.660000000000;0.039161513553;0.165579585690;0.126418072137;0.578495280915;0.271437507303;3.168318892288;1.622152392836
0.700000000000;0.700000000000;0.027075715128;0.095491502813;0.068415787685;0.323450434518;0.323450434843;1.827203100872;1.827203100872
0.700000000000;0.740000000000;0.013285478766;0.019403337620;0.006117858854;0.047301600058;0.355682553129;0.371277418646;1.917443918098
0.700000000000;0.780000000000;-0.001378889123;-0.057904010635;-0.056525121513;-0.233697235297;0.367676477644;-1.107976989256;1.887204682084
0.700000000000;0.820000000000;-0.016128639445;-0.131573036947;-0.115444397501;-0.504498889205;0.363591904676;-2.517613128069;1.738385435242
0.700000000000;0.860000000000;-0.030466241497;-0.196974845455;-0.166508603958;-0.754232481252;0.358230135108;-3.769058374912;1.480337038168
0.700000000000;0.900000000000;-0.044787050254;-0.250000000000;-0.205212949746;-0.981521282053;0.393358670659;-4.783679822433;1.129273620688
0.700000000000;0.940000000000;-0.061934935149;-0.287316735110;-0.225381799960;-1.205015081986;0.581495891982;-5.497725073566;0.707253788442
0.700000000000;0.980000000000;-0.091306721613;-0.306580303075;-0.215273581463;-1.485314793653;0.367147330792;-5.866328039108;0.240794599571
0.740000000000;0.020000000000;0.001278868571;-0.062295397528;-0.063574266100;-1.412786078813;0.181025093815;-6.156050750344;-0.048928111664
0.740000000000;0.060000000000;-0.013203138934;-0.058381148595;-0.045178009661;-1.115000823786;0.204717539438;-5.769243441329;-0.143710001792
0.740000000000;0.100000000000;-0.015098534584;-0.050798597385;-0.035700062801;-0.950156466524;0.024119382904;-5.019933349102;-0.229462063979
0.740000000000;0.140000000000;-0.015132689566;-0.040024183477;-0.024891493911;-0.744309757349;-0.012552828067;-3.955202382528;-0.300796180783
0.740000000000;0.180000000000;-0.014094308338;-0.026734902922;-0.012640594584;-0.494357680555;-0.037321626080;-2.641951504042;-0.353230167298
0.740000000000;0.220000000000;-0.012146959480;-0.011765770093;0.000381189387;-0.214040850976;-0.058280601956;-1.162697096140;-0.383469403312
0.740000000000;0.260000000000;-0.009431860182;0.003942649343;0.013374509525;0.079465855752;-0.075287927872;0.389613846414;-0.389613846414
0.740000000000;0.300000000000;-0.006123925250;0.019403337620;0.025527262870;0.367874690004;-0.087501384786;1.917443918098;-0.371277418646
0.740000000000;0.340000000000;-0.002431749399;0.033644842834;0.036076592233;0.633125889556;-0.094208816647;3.324793936542;-0.329612265202
0.740000000000;0.380000000000;0.001412780082;0.045772318836;0.044359538755;0.858577987360;-0.095001169098;4.523234924217;-0.267236360906
0.740000000000;0.420000000000;0.005168344129;0.055023751707;0.049855407578;1.030074962723;-0.089830670576;5.437464426309;-0.188069013228
0.740000000000;0.460000000000;0.008599233728;0.060817839895;0.052218606167;1.136844318267;-0.079023563603;6.010038040900;-0.097084597779
0.740000000000;0.500000000000;0.011490229217;0.062790519529;0.051300290312;1.172176879111;-0.063263336563;6.204978862008;0.000000000000
0.740000000000;0.540000000000;0.013660300653;0.060817839895;0.047157539242;1.133848025786;-0.043551011221;6.010038040900;0.097084597779
0.740000000000;0.580000000000;0.014974310115;0.055023751707;0.040049441592;1.024253582567;-0.021147330572;5.437464426309;0.188069013228
0.740000000000;0.620000000000;0.015352087099;0.045772318836;0.030420231738;0.850248438695;0.002498621678;4.523234924217;0.267236360906
0.740000000000;0.660000000000;0.014774420381;0.033644842834;0.018870422454;0.622688662318;0.025832604081;3.324793936542;0.329612265202
0.740000000000;0.700000000000;0.013285478772;0.019403337620;0.006117858848;0.355682553044;0.047301600325;1.917443918098;0.371277418646
0.740000000000;0.740000000000;0.010990292354;0.003942649343;-0.007047643012;0.065540992365;0.065540992469;0.389613846414;0.389613846414
0.740000000000;0.780000000000;0.008042199375;-0.011765770093;-0.019807969468;-0.230643313928;0.079844459837;-1.162697096140;0.383469403312
0.740000000000;0.820000000000;0.004602735568;-0.026734902922;-0.031337638490;-0.517023143954;0.091543719842;-2.641951504042;0.353230167298
0.740000000000;0.860000000000;0.000718701787;-0.040024183477;-0.040742885264;-0.782268169436;0.108131607224;-3.955202382528;0.300796180783
0.740000000000;0.900000000000;-0.004047793010;-0.050798597385;-0.046750804374;-1.025655187067;0.155293129773;-5.019933349102;0.229462063979
0.740000000000;0.940000000000;-0.011704748594;-0.058381148595;-0.046676400001;-1.269681532439;0.311013280736;-5.769243441329;0.143710001792
0.740000000000;0.980000000000;-0.028928855469;-0.062295397528;-0.033366542059;-1.587645345878;0.215301335937;-6.156050750344;0.048928111664
0.780000000000;0.020000000000;0.058033662014;0.185903756952;0.127870094938;-1.388229050998;0.325966039907;-6.058966152565;0.146012709444
0.780000000000;0.060000000000;0.031956378822;0.174222740197;0.142266361375;-1.113184931384;0.431794894847;-5.678259025880;0.428863612800
0.780000000000;0.100000000000;0.023490070426;0.151594667928;0.128104597502;-0.953569530529;0.209571345043;-4.940766001424;0.684767438113
0.780000000000;0.140000000000;0.015190671218;0.119441345148;0.104250673929;-0.751595530544;0.216588774374;-3.892826478232;0.897644806892
0.780000000000;0.180000000000;0.006162968476;0.079783083377;0.073620114900;-0.504948659519;0.229893984815;-2.600286350598;1.054119851146
0.780000000000;0.220000000000;-0.003200847567;0.035111757056;0.038312604623;-0.227270258100;0.231394005198;-1.144360668372;1.144360668372
0.780000000000;0.260000000000;-0.012348551939;-0.011765770093;0.000582781846;0.064419341028;0.218937567551;0.383469403312;1.162697096140
0.780000000000;0.300000000000;-0.020715852971;-0.057904010635;-0.037188157664;0.351948553979;0.192896451105;1.887204682084;1.107976989256
0.780000000000;0.340000000000;-0.027780268028;-0.100403929233;-0.072623661206;0.617315981255;0.154787459244;3.272359950027;0.983638613283
0.780000000000;0.380000000000;-0.033098849711;-0.136595099698;-0.103496249987;0.843875051039;0.106966439948;4.451900807413;0.797494605668
0.780000000000;0.420000000000;-0.036337583224;-0.164203497687;-0.127865914463;1.017401481169;0.052424913436;5.351712364122;0.561241078999
0.780000000000;0.460000000000;-0.037292842786;-0.181494386018;-0.144201543232;1.126995967302;-0.005416806927;5.915256150773;0.289722711236
0.780000000000;0.500000000000;-0.035904238669;-0.187381314586;-0.151477075916;1.165772244229;-0.062932718484;6.107122638680;0.000000000000
0.780000000000;0.540000000000;-0.032258225307;-0.181494386018;-0.149236160711;1.131289700123;-0.116525598104;5.915256150773;-0.289722711236
0.780000000000;0.580000000000;-0.026582190821;-0.164203497687;-0.137621306866;1.025703151395;-0.162863324042;5.351712364122;-0.561241078999
0.780000000000;0.620000000000;-0.019229159384;-0.136595099698;-0.117365940314;0.855617162617;-0.199107642364;4.451900807413;-0.797494605668
0.780000000000;0.660000000000;-0.010653579432;-0.100403929233;-0.089750349801;0.631644949220;-0.223128378348;3.272359950027;-0.983638613283
0.780000000000;0.700000000000;-0.001378889116;-0.057904010635;-0.056525121520;0.367676477654;-0.233697235110;1.887204682084;-1.107976989256
0.780000000000;0.740000000000;0.008042199377;-0.011765770093;-0.019807969470;0.079844459810;-0.230643313843;0.383469403312;-1.162697096140
0.780000000000;0.780000000000;0.017072575992;0.035111757056;0.018039181064;-0.214887658709;-0.214887658676;-1.144360668372;-1.144360668372
0.780000000000;0.820000000000;0.025233212071;0.079783083377;0.054549871306;-0.500770713203;-0.188032950831;-2.600286350598;-1.054119851146
0.780000000000;0.860000000000;0.032115212058;0.119441345148;0.087326133089;-0.766650718808;-0.150401908004;-3.892826478232;-0.897644806892
0.780000000000;0.900000000000;0.037265364711;0.151594667928;0.114329303217;-1.012464426833;-0.094054692344;-4.940766001424;-0.684767438113
0.780000000000;0.940000000000;0.039639587446;0.174222740197;0.134583152751;-1.263159184717;0.019505733170;-5.678259025880;-0.428863612800
0.780000000000;0.980000000000;0.035704906058;0.185903756952;0.150198850895;-1.600210815618;0.049183517353;-6.058966152565;-0.146012709444
0.820000000000;0.020000000000;0.112337192651;0.422421894677;0.310084702026;-1.299173692730;0.456069213429;-5.581174428101;0.331779015020
0.820000000000;0.060000000000;0.075851655577;0.395879573475;0.320027917898;-1.061333393699;0.639377059907;-5.230488712660;0.974490149349
0.820000000000;0.100000000000;0.061187027859;0.344462682729;0.283275654870;-0.913792239115;0.385708783744;-4.551152155010;1.555970483670
0.820000000000;0.140000000000;0.044994952877;0.271401934782;0.226406981904;-0.724987104675;0.436068042943;-3.585849969494;2.039683470043
0.820000000000;0.180000000000;0.026301584423;0.181288005126;0.154986420702;-0.493166274535;0.487003646364;-2.395235642562;2.395235642562
0.820000000000;0.220000000000;0.006034661168;0.079783083377;0.073748422209;-0.231116229775;0.511087398591;-1.054119851146;2.600286350598
0.820000000000;0.260000000000;-0.014585407464;-0.026734902922;-0.012149495458;0.045144657361;0.503930884206;0.353230167298;2.641951504042
0.820000000000;0.300000000000;-0.034279809568;-0.131573036947;-0.097293227378;0.318432719384;0.465395255442;1.738385435242;2.517613128069
0.820000000000;0.340000000000;-0.051817027899;-0.228143953168;-0.176326925268;0.571652590773;0.397717680413;3.014311552954;2.235083860126
0.820000000000;0.380000000000;-0.066097224001;-0.310379745757;-0.244282521755;0.788927096081;0.305084330816;4.100837389933;1.812116053188
0.820000000000;0.420000000000;-0.076223774365;-0.373113237423;-0.296889463058;0.956618497955;0.193290245687;4.929692531876;1.275286330132
0.820000000000;0.460000000000;-0.081560443656;-0.412402652167;-0.330842208511;1.064195707549;0.069347199458;5.448796961902;0.658325676778
0.820000000000;0.500000000000;-0.081771550321;-0.425779291565;-0.344007741244;1.104900013279;-0.058969603742;5.625533439537;0.000000000000
0.820000000000;0.540000000000;-0.076842875357;-0.412402652167;-0.335559776810;1.076170180936;-0.183620104055;5.448796961902;-0.658325676778
0.820000000000;0.580000000000;-0.067081941997;-0.373113237423;-0.306031295426;0.979800276609;-0.296819868078;4.929692531876;-1.275286330132
0.820000000000;0.620000000000;-0.053097285911;-0.310379745757;-0.257282459846;0.821817457128;-0.391559580498;4.100837389933;-1.812116053188
0.820000000000;0.660000000000;-0.035757175557;-0.228143953168;-0.192386777611;0.612078965914;-0.462108080882;3.014311552954;-2.235083860126
0.820000000000;0.700000000000;-0.016128639440;-0.131573036947;-0.115444397507;0.363591904713;-0.504498889085;1.738385435242;-2.517613128069
0.820000000000;0.740000000000;0.004602735570;-0.026734902922;-0.031337638492;0.091543719845;-0.517023143894;0.353230167298;-2.641951504042
0.820000000000;0.780000000000;0.025233212071;0.079783083377;0.054549871305;-0.188032950840;-0.500770713175;-1.054119851146;-2.600286350598
0.820000000000;0.820000000000;0.044664392624;0.181288005126;0.136623612502;-0.460219340268;-0.460219340258;-2.395235642562;-2.395235642562
0.820000000000;0.860000000000;0.062050759292;0.271401934782;0.209351175490;-0.714517724845;-0.403562106406;-3.585849969494;-2.039683470043
0.820000000000;0.900000000000;0.076949361136;0.344462682729;0.267513321593;-0.951379528805;-0.341215336136;-4.551152155010;-1.555970483670
0.820000000000;0.940000000000;0.089347986183;0.395879573475;0.306531587292;-1.196603352686;-0.276733108049;-5.230488712660;-0.974490149349
0.820000000000;0.980000000000;0.099088009780;0.422421894677;0.323333884897;-1.534870056600;-0.121750294964;-5.581174428101;-0.331779015020
0.860000000000;0.020000000000;0.161967557433;0.632397711200;0.470430153768;-1.168082450174;0.563806338939;-4.752696988196;0.496698424885
0.860000000000;0.060000000000;0.116863050317;0.592661837209;0.475798786892;-0.992099741325;0.817176348463;-4.454067557231;1.458885885890
0.860000000000;0.100000000000;0.096593449556;0.515686840329;0.419093390773;-0.860214686591;0.545917634066;-3.875572680730;2.329406181278
0.860000000000;0.140000000000;0.073189639592;0.406309342707;0.333119703115;-0.688974754851;0.637214738954;-3.053561319340;3.053561319340
0.860000000000;0.180000000000;0.045616270439;0.271401934782;0.225785664343;-0.477436837866;0.723764859715;-2.039683470043;3.585849969494
0.860000000000;0.220000000000;0.015288450815;0.119441345148;0.104152894333;-0.236978491988;0.769704937094;-0.897644806892;3.892826478232
0.860000000000;0.260000000000;-0.015960124528;-0.040024183477;-0.024064058949;0.017892715659;0.768486516711;0.300796180783;3.955202382528
0.860000000000;0.300000000000;-0.046190470522;-0.196974845455;-0.150784374933;0.271421540315;0.719404384516;1.480337038168;3.769058374912
0.860000000000;0.340000000000;-0.073512475290;-0.341548853470;-0.268036378180;0.507796576128;0.625281835941;2.566862875147;3.346090567974
0.860000000000;0.380000000000;-0.096213017397;-0.464662090893;-0.368449073495;0.712219785999;0.491932347131;3.492103277418;2.712875584590
0.860000000000;0.420000000000;-0.112867063060;-0.558578900237;-0.445711837177;0.871870855750;0.327693524904;4.197921987712;1.909200650968
0.860000000000;0.460000000000;-0.122428499390;-0.617398142970;-0.494969643580;0.976728575921;0.142864708397;4.639969820641;0.985563618896
0.860000000000;0.500000000000;-0.124296239732;-0.637423989749;-0.513127750017;1.020207271796;-0.050958245097;4.790471285123;0.000000000000
0.860000000000;0.540000000000;-0.118351839782;-0.617398142970;-0.499046303188;0.999572400896;-0.241625334774;4.639969820641;-0.985563618896
0.860000000000;0.580000000000;-0.104966212950;-0.558578900237;-0.453612687287;0.916110086354;-0.417216047850;4.197921987712;-1.909200650968
0.860000000000;0.620000000000;-0.084974555954;-0.464662090893;-0.379687534939;0.775037750453;-0.566828953060;3.492103277418;-2.712875584590
0.860000000000;0.660000000000;-0.059619896705;-0.341548853470;-0.281928956765;0.585154000161;-0.681353930763;2.566862875147;-3.346090567974
0.860000000000;0.700000000000;-0.030466241493;-0.196974845455;-0.166508603962;0.358230135144;-0.754232481179;1.480337038168;-3.769058374912
0.860000000000;0.740000000000;0.000718701789;-0.040024183477;-0.040742885266;0.108131607235;-0.782268169397;0.300796180783;-3.955202382528
0.860000000000;0.780000000000;0.032115212059;0.119441345148;0.087326133089;-0.150401908004;-0.766650718789;-0.897644806892;-3.892826478232
0.860000000000;0.820000000000;0.062050759292;0.271401934782;0.209351175489;-0.403562106409;-0.714517724836;-2.039683470043;-3.585849969494
0.860000000000;0.860000000000;0.089276630046;0.406309342707;0.317032712661;-0.641562096545;-0.641562096541;-3.053561319340;-3.053561319340
0.860000000000;0.900000000000;0.113375727016;0.515686840329;0.402311113313;-0.864861244728;-0.576140320185;-3.875572680730;-2.329406181278
0.860000000000;0.940000000000;0.135367855661;0.592661837209;0.457293981549;-1.098234994430;-0.563984794624;-4.454067557231;-1.458885885890
0.860000000000;0.980000000000;0.158494510586;0.632397711200;0.473903200615;-1.424386592682;-0.289083186560;-4.752696988196;-0.496698424885
0.900000000000;0.020000000000;0.205783788665;0.802637653733;0.596853865068;-1.017954538833;0.632051922278;-3.625590117326;0.630408445985
0.900000000000;0.060000000000;0.155219634883;0.752204978054;0.596985343171;-0.980434005736;0.947244823490;-3.397780956266;1.851614456815
0.900000000000;0.100000000000;0.130004202786;0.654508497187;0.524504294402;-0.864941850459;0.688833770218;-2.956476721561;2.956476721561
0.900000000000;0.140000000000;0.100112933265;0.515686840329;0.415573907064;-0.706021808598;0.818845891668;-2.329406181278;3.875572680730
0.900000000000;0.180000000000;0.064496531452;0.344462682729;0.279966151277;-0.507489555080;0.938999909227;-1.555970483670;4.551152155010
0.900000000000;0.220000000000;0.024992940527;0.151594667928;0.126601727401;-0.279274592109;1.006416952117;-0.684767438113;4.940766001424
0.900000000000;0.260000000000;-0.016016824717;-0.050798597385;-0.034781772668;-0.034547723671;1.012330916509;0.229462063979;5.019933349102
0.900000000000;0.300000000000;-0.055993532793;-0.250000000000;-0.194006467207;0.211866160534;0.955299115910;1.129273620688;4.783679822433
0.900000000000;0.340000000000;-0.092440753990;-0.433492983179;-0.341052229190;0.444743756954;0.838515926097;1.958128762632;4.246850099376
0.900000000000;0.380000000000;-0.123074806881;-0.589748007950;-0.466673201069;0.649573441087;0.669158610438;2.663947472926;3.443175165754
0.900000000000;0.420000000000;-0.145973442825;-0.708946996440;-0.562973553615;0.813540510045;0.457799035609;3.202380566182;2.423152873355
0.900000000000;0.460000000000;-0.159698729730;-0.783600237818;-0.623901508089;0.926366956570;0.217683615504;3.539596310934;1.250874974190
0.900000000000;0.500000000000;-0.163388132065;-0.809016994375;-0.645628862310;0.980972922156;-0.036125778767;3.654406201745;0.000000000000
0.900000000000;0.540000000000;-0.156808667429;-0.783600237818;-0.626791570390;0.973927506044;-0.287717289498;3.539596310934;-1.250874974190
0.900000000000;0.580000000000;-0.140370748905;-0.708946996440;-0.568576247535;0.905664024523;-0.521354518521;3.202380566182;-2.423152873355
0.900000000000;0.620000000000;-0.115100305947;-0.589748007950;-0.474647702003;0.780445411160;-0.722515666691;2.663947472926;-3.443175165754
0.900000000000;0.660000000000;-0.082569495570;-0.433492983179;-0.350923487610;0.606075730562;-0.878915696191;1.958128762632;-4.246850099376
0.900000000000;0.700000000000;-0.044787050252;-0.250000000000;-0.205212949748;0.393358670683;-0.981521282010;1.129273620688;-4.783679822433
0.900000000000;0.740000000000;-0.004047793009;-0.050798597385;-0.046750804376;0.155293129782;-1.025655187042;0.229462063979;-5.019933349102
0.900000000000;0.780000000000;0.037265364712;0.151594667928;0.114329303216;-0.094054692342;-1.012464426819;-0.684767438113;-4.940766001424
0.900000000000;0.820000000000;0.076949361136;0.344462682729;0.267513321593;-0.341215336136;-0.951379528799;-1.555970483670;-4.551152155010
0.900000000000;0.860000000000;0.113375727016;0.515686840329;0.402311113313;-0.576140320187;-0.864861244724;-2.329406181278;-3.875572680730
0.900000000000;0.900000000000;0.146138260714;0.654508497187;0.508370236473;-0.797888234023;-0.797888234021;-2.956476721561;-2.956476721561
0.900000000000;0.940000000000;0.177206785737;0.752204978054;0.574998192316;-1.027651347079;-0.836258456003;-3.397780956266;-1.851614456815
0.900000000000;0.980000000000;0.213038937195;0.802637653733;0.589598716538;-1.340634177251;-0.447901893216;-3.625590117326;-0.630408445985
0.940000000000;0.020000000000;0.243403920539;0.922444920586;0.679041000047;-0.826271347259;0.601326872035;-2.270674085396;0.724507585944
0.940000000000;0.060000000000;0.195297770776;0.864484313711;0.669186542934;-1.192475887260;0.970189036836;-2.127999281655;2.127999281655
0.940000000000;0.100000000000;0.165788797592;0.752204978054;0.586416180462;-1.101515173239;0.820329831204;-1.851614456815;3.397780956266
0.940000000000;0.140000000000;0.129671384280;0.592661837209;0.462990452929;-0.931800289708;0.994667034334;-1.458885885890;4.454067557231
0.940000000000;0.180000000000;0.086215434846;0.395879573475;0.309664138630;-0.713057876470;1.150512076204;-0.974490149349;5.230488712660
0.940000000000;0.220000000000;0.037630418184;0.174222740197;0.136592322013;-0.455189536152;1.242646768502;-0.428863612800;5.678259025880
0.940000000000;0.260000000000;-0.013196306635;-0.058381148595;-0.045184841961;-0.171488024416;1.259627269354;0.143710001792;5.769243441329
0.940000000000;0.300000000000;-0.063139763365;-0.287316735110;-0.224176971745;0.121687361085;1.198695865142;0.707253788442;5.497725073566
0.940000000000;0.340000000000;-0.109091975846;-0.498199154480;-0.389107178634;0.406612359636;1.062989116494;1.226358218468;4.880764420212
0.940000000000;0.380000000000;-0.148178892684;-0.677777888727;-0.529598996042;0.665709797176;0.860729100222;1.668406051396;3.957127388141
0.940000000000;0.420000000000;-0.177950303864;-0.814769345532;-0.636819041668;0.882850113189;0.604487040387;2.005621796148;2.784849488976
0.940000000000;0.460000000000;-0.196537855915;-0.900565847845;-0.704027991930;1.044457905033;0.310297120508;2.216816947286;1.437589254458
0.940000000000;0.500000000000;-0.202774073504;-0.929776485888;-0.727002412384;1.140408012660;-0.003397695623;2.288721336744;0.000000000000
0.940000000000;0.540000000000;-0.196266040265;-0.900565847845;-0.704299807579;1.164680365966;-0.316934232407;2.216816947286;-1.437589254458
0.940000000000;0.580000000000;-0.177419334912;-0.814769345532;-0.637350010620;1.115743641821;-0.610698142735;2.005621796148;-2.784849488976
0.940000000000;0.620000000000;-0.147410188847;-0.677777888727;-0.530367699880;0.996646545735;-0.866417247021;1.668406051396;-3.957127388141
0.940000000000;0.660000000000;-0.108105955150;-0.498199154480;-0.390093199330;0.814806792355;-1.068440671239;1.226358218468;-4.880764420212
0.940000000000;0.700000000000;-0.061934935147;-0.287316735110;-0.225381799962;0.581495891988;-1.205015081958;0.707253788442;-5.497725073566
0.940000000000;0.740000000000;-0.011704748593;-0.058381148595;-0.046676400002;0.311013280738;-1.269681532422;0.143710001792;-5.769243441329
0.940000000000;0.780000000000;0.039639587446;0.174222740197;0.134583152750;0.019505733170;-1.263159184707;-0.428863612800;-5.678259025880
0.940000000000;0.820000000000;0.089347986183;0.395879573475;0.306531587292;-0.276733108050;-1.196603352681;-0.974490149349;-5.230488712660
0.940000000000;0.860000000000;0.135367855661;0.592661837209;0.457293981549;-0.563984794625;-1.098234994427;-1.458885885890;-4.454067557231
0.940000000000;0.900000000000;0.177206785737;0.752204978054;0.574998192316;-0.836258456004;-1.027651347077;-1.851614456815;-3.397780956266
0.940000000000;0.940000000000;0.217579963427;0.864484313711;0.646904350284;-1.106730737853;-1.106730737852;-2.127999281655;-2.127999281655
0.940000000000;0.980000000000;0.265745244766;0.922444920586;0.656699675821;-1.435994325876;-0.602066016733;-2.270674085396;-0.724507585944
0.980000000000;0.020000000000;0.271885496446;0.984291580564;0.712406084118;-0.356019698833;0.265847382277;-0.773083249726;0.773083249726
0.980000000000;0.060000000000;0.250617705864;0.922444920586;0.671827214723;-0.691499188591;0.672000997510;-0.724507585944;2.270674085396
0.980000000000;0.100000000000;0.218125416645;0.802637653733;0.584512237088;-0.654207738159;0.949509367770;-0.630408445985;3.625590117326
0.980000000000;0.140000000000;0.174656956442;0.632397711200;0.457740754758;-0.562319652025;1.207303188436;-0.496698424885;4.752696988196
0.980000000000;0.180000000000;0.121541161570;0.422421894677;0.300880733107;-0.441571584057;1.415610662783;-0.331779015020;5.581174428101
0.980000000000;0.220000000000;0.061408103419;0.185903756952;0.124495653533;-0.297221065447;1.547986804171;-0.146012709444;6.058966152565
0.980000000000;0.260000000000;-0.002297782764;-0.062295397528;-0.059997614765;-0.136231548388;1.589207813746;0.048928111664;6.156050750344
0.980000000000;0.300000000000;-0.065728521680;-0.306580303075;-0.240851781395;0.032359478945;1.533399499963;0.240794599571;5.866328039108
0.980000000000;0.340000000000;-0.124969742761;-0.531601640657;-0.406631897896;0.198472086433;1.382538362188;0.417531077207;5.208002362330
0.980000000000;0.380000000000;-0.176331590655;-0.723220492062;-0.546888901407;0.351908724639;1.145396363991;0.568032541689;4.222438743434
0.980000000000;0.420000000000;-0.216601451880;-0.869396740132;-0.652795288252;0.483139350202;0.836547143466;0.682842432500;2.971563769244
0.980000000000;0.460000000000;-0.243255362133;-0.960945593601;-0.717690231469;0.583968827717;0.475241514975;0.754746821958;1.533974514786
0.980000000000;0.500000000000;-0.254620773078;-0.992114701314;-0.737493928237;0.648083744669;0.084096682166;0.779227692828;0.000000000000
0.980000000000;0.540000000000;-0.249983096706;-0.960945593601;-0.710962496896;0.671463205506;-0.312381660337;0.754746821958;-1.533974514786
0.980000000000;0.580000000000;-0.229630240251;-0.869396740132;-0.639766499881;0.652636316739;-0.689388338752;0.682842432500;-2.971563769244
0.980000000000;0.620000000000;-0.194832029606;-0.723220492062;-0.528388462456;0.592773009489;-1.023452516157;0.568032541689;-4.222438743434
0.980000000000;0.660000000000;-0.147754038958;-0.531601640657;-0.383847601699;0.495601047604;-1.294066349937;0.417531077207;-5.208002362330
0.980000000000;0.700000000000;-0.091306721611;-0.306580303075;-0.215273581465;0.367147330790;-1.485314793627;0.240794599571;-5.866328039108
0.980000000000;0.740000000000;-0.028928855468;-0.062295397528;-0.033366542060;0.215301335935;-1.587645345861;0.048928111664;-6.156050750344
0.980000000000;0.780000000000;0.035704906058;0.185903756952;0.150198850894;0.049183517351;-1.600210815607;-0.146012709444;-6.058966152565
0.980000000000;0.820000000000;0.099088009780;0.422421894677;0.323333884897;-0.121750294965;-1.534870056594;-0.331779015020;-5.581174428101
0.980000000000;0.860000000000;0.158494510586;0.632397711200;0.473903200614;-0.289083186561;-1.424386592679;-0.496698424885;-4.752696988196
0.980000000000;0.900000000000;0.213038937195;0.802637653733;0.589598716538;-0.447901893217;-1.340634177249;-0.630408445985;-3.625590117326
0.980000000000;0.940000000000;0.265745244766;0.922444920586;0.656699675821;-0.602066016733;-1.435994325875;-0.724507585944;-2.270674085396
0.980000000000;0.980000000000;0.327918483265;0.984291580564;0.656373097300;-0.777165481240;-0.777165481239;-0.773083249726;-0.773083249726
