Tabela de valores para implementação com 625 subintervalos
Tempo de execução = 0.000992000000 seg.

x;y;f(x,y);exact_solution;difference;Vx;Vy;VxE;VyE
0.020000000000;0.020000000000;0.598587166476;0.984291580564;0.385704414089;0.000000000000;0.000000000000;0.000000000000;0.000000000000
0.020000000000;0.060000000000;0.511830521076;0.922444920586;0.410614399510;0.000000000000;0.000000000000;0.000000000000;0.000000000000
0.020000000000;0.100000000000;0.310443247420;0.802637653733;0.492194406313;0.000000000000;0.000000000000;0.000000000000;0.000000000000
0.020000000000;0.140000000000;0.008812619537;0.632397711200;0.623585091663;0.000000000000;0.000000000000;0.000000000000;0.000000000000
0.020000000000;0.180000000000;-0.372675273528;0.422421894677;0.795097168205;0.000000000000;0.000000000000;0.000000000000;0.000000000000
0.020000000000;0.220000000000;-0.808911136418;0.185903756952;0.994814893370;0.000000000000;0.000000000000;0.000000000000;0.000000000000
0.020000000000;0.260000000000;-1.271635947363;-0.062295397528;1.209340549835;0.000000000000;0.000000000000;0.000000000000;0.000000000000
0.020000000000;0.300000000000;-1.731213425927;-0.306580303075;1.424633122851;0.000000000000;0.000000000000;0.000000000000;0.000000000000
0.020000000000;0.340000000000;-2.158490106081;-0.531601640657;1.626888465424;0.000000000000;0.000000000000;0.000000000000;0.000000000000
0.020000000000;0.380000000000;-2.526626131518;-0.723220492062;1.803405639456;0.000000000000;0.000000000000;0.000000000000;0.000000000000
0.020000000000;0.420000000000;-2.812781733664;-0.869396740132;1.943384993533;0.000000000000;0.000000000000;0.000000000000;0.000000000000
0.020000000000;0.460000000000;-2.999553424789;-0.960945593601;2.038607831188;0.000000000000;0.000000000000;0.000000000000;0.000000000000
0.020000000000;0.500000000000;-3.076069668903;-0.992114701314;2.083954967588;0.000000000000;0.000000000000;0.000000000000;0.000000000000
0.020000000000;0.540000000000;-3.038677193331;-0.960945593601;2.077731599729;0.000000000000;0.000000000000;0.000000000000;0.000000000000
0.020000000000;0.580000000000;-2.891174829452;-0.869396740132;2.021778089321;0.000000000000;0.000000000000;0.000000000000;0.000000000000
0.020000000000;0.620000000000;-2.644580205510;-0.723220492062;1.921359713449;0.000000000000;0.000000000000;0.000000000000;0.000000000000
0.020000000000;0.660000000000;-2.316443971114;-0.531601640657;1.784842330457;0.000000000000;0.000000000000;0.000000000000;0.000000000000
0.020000000000;0.700000000000;-1.929754667440;-0.306580303075;1.623174364364;0.000000000000;0.000000000000;0.000000000000;0.000000000000
0.020000000000;0.740000000000;-1.511503082566;-0.062295397528;1.449207685038;0.000000000000;0.000000000000;0.000000000000;0.000000000000
0.020000000000;0.780000000000;-1.090996331434;0.185903756952;1.276900088386;0.000000000000;0.000000000000;0.000000000000;0.000000000000
0.020000000000;0.820000000000;-0.698027630052;0.422421894677;1.120449524729;0.000000000000;0.000000000000;0.000000000000;0.000000000000
0.020000000000;0.860000000000;-0.361016805339;0.632397711200;0.993414516539;0.000000000000;0.000000000000;0.000000000000;0.000000000000
0.020000000000;0.900000000000;-0.105238425486;0.802637653733;0.907876079218;0.000000000000;0.000000000000;0.000000000000;0.000000000000
0.020000000000;0.940000000000;0.048751064826;0.922444920586;0.873693855760;0.000000000000;0.000000000000;0.000000000000;0.000000000000
0.020000000000;0.980000000000;0.086388319048;0.984291580564;0.897903261517;0.000000000000;0.000000000000;0.000000000000;0.000000000000
0.060000000000;0.020000000000;0.560997334877;0.922444920586;0.361447585709;0.000000000000;0.000000000000;0.000000000000;0.000000000000
0.060000000000;0.060000000000;0.479689228159;0.864484313711;0.384795085552;0.000000000000;0.000000000000;0.000000000000;0.000000000000
0.060000000000;0.100000000000;0.290953320701;0.752204978054;0.461251657353;0.000000000000;0.000000000000;0.000000000000;0.000000000000
0.060000000000;0.140000000000;0.008272893170;0.592661837209;0.584388944040;0.000000000000;0.000000000000;0.000000000000;0.000000000000
0.060000000000;0.180000000000;-0.349246887851;0.395879573475;0.745126461326;0.000000000000;0.000000000000;0.000000000000;0.000000000000
0.060000000000;0.220000000000;-0.758074427862;0.174222740197;0.932297168058;0.000000000000;0.000000000000;0.000000000000;0.000000000000
0.060000000000;0.260000000000;-1.191726317314;-0.058381148595;1.133345168719;0.000000000000;0.000000000000;0.000000000000;0.000000000000
0.060000000000;0.300000000000;-1.622428429161;-0.287316735110;1.335111694052;0.000000000000;0.000000000000;0.000000000000;0.000000000000
0.060000000000;0.340000000000;-2.022859117121;-0.498199154480;1.524659962640;0.000000000000;0.000000000000;0.000000000000;0.000000000000
0.060000000000;0.380000000000;-2.367864975697;-0.677777888727;1.690087086970;0.000000000000;0.000000000000;0.000000000000;0.000000000000
0.060000000000;0.420000000000;-2.636041350741;-0.814769345532;1.821272005209;0.000000000000;0.000000000000;0.000000000000;0.000000000000
0.060000000000;0.460000000000;-2.811078291235;-0.900565847845;1.910512443390;0.000000000000;0.000000000000;0.000000000000;0.000000000000
0.060000000000;0.500000000000;-2.882787374878;-0.929776485888;1.953010888990;0.000000000000;0.000000000000;0.000000000000;0.000000000000
0.060000000000;0.540000000000;-2.847744895651;-0.900565847845;1.947179047806;0.000000000000;0.000000000000;0.000000000000;0.000000000000
0.060000000000;0.580000000000;-2.709511010680;-0.814769345532;1.894741665149;0.000000000000;0.000000000000;0.000000000000;0.000000000000
0.060000000000;0.620000000000;-2.478411091589;-0.677777888727;1.800633202862;0.000000000000;0.000000000000;0.000000000000;0.000000000000
0.060000000000;0.660000000000;-2.170893037637;-0.498199154480;1.672693883156;0.000000000000;0.000000000000;0.000000000000;0.000000000000
0.060000000000;0.700000000000;-1.808500955779;-0.287316735110;1.521184220669;0.000000000000;0.000000000000;0.000000000000;0.000000000000
0.060000000000;0.740000000000;-1.416529721768;-0.058381148595;1.358148573173;0.000000000000;0.000000000000;0.000000000000;0.000000000000
0.060000000000;0.780000000000;-1.022444991876;0.174222740197;1.196667732073;0.000000000000;0.000000000000;0.000000000000;0.000000000000
0.060000000000;0.820000000000;-0.654167976492;0.395879573475;1.050047549968;0.000000000000;0.000000000000;0.000000000000;0.000000000000
0.060000000000;0.860000000000;-0.338332788571;0.592661837209;0.930994625781;0.000000000000;0.000000000000;0.000000000000;0.000000000000
0.060000000000;0.900000000000;-0.098625907484;0.752204978054;0.850830885538;0.000000000000;0.000000000000;0.000000000000;0.000000000000
0.060000000000;0.940000000000;0.045687856207;0.864484313711;0.818796457504;0.000000000000;0.000000000000;0.000000000000;0.000000000000
0.060000000000;0.980000000000;0.080960223250;0.922444920586;0.841484697336;0.000000000000;0.000000000000;0.000000000000;0.000000000000
0.100000000000;0.020000000000;0.488182279462;0.802637653733;0.314455374271;0.000000000000;0.000000000000;0.000000000000;0.000000000000
0.100000000000;0.060000000000;0.417428734821;0.752204978054;0.334776243233;0.000000000000;0.000000000000;0.000000000000;0.000000000000
0.100000000000;0.100000000000;0.253200452354;0.654508497187;0.401308044834;0.000000000000;0.000000000000;0.000000000000;0.000000000000
0.100000000000;0.140000000000;0.007229528718;0.515686840329;0.508457311611;0.000000000000;0.000000000000;0.000000000000;0.000000000000
0.100000000000;0.180000000000;-0.303860227382;0.344462682729;0.648322910111;0.000000000000;0.000000000000;0.000000000000;0.000000000000
0.100000000000;0.220000000000;-0.659593487950;0.151594667928;0.811188155878;0.000000000000;0.000000000000;0.000000000000;0.000000000000
0.100000000000;0.260000000000;-1.036926496689;-0.050798597385;0.986127899304;0.000000000000;0.000000000000;0.000000000000;0.000000000000
0.100000000000;0.300000000000;-1.411692424028;-0.250000000000;1.161692424028;0.000000000000;0.000000000000;0.000000000000;0.000000000000
0.100000000000;0.340000000000;-1.760118159527;-0.433492983179;1.326625176348;0.000000000000;0.000000000000;0.000000000000;0.000000000000
0.100000000000;0.380000000000;-2.060317229569;-0.589748007950;1.470569221619;0.000000000000;0.000000000000;0.000000000000;0.000000000000
0.100000000000;0.420000000000;-2.293665031538;-0.708946996440;1.584718035098;0.000000000000;0.000000000000;0.000000000000;0.000000000000
0.100000000000;0.460000000000;-2.445969973375;-0.783600237818;1.662369735556;0.000000000000;0.000000000000;0.000000000000;0.000000000000
0.100000000000;0.500000000000;-2.508366934620;-0.809016994375;1.699349940245;0.000000000000;0.000000000000;0.000000000000;0.000000000000
0.100000000000;0.540000000000;-2.477876915844;-0.783600237818;1.694276678025;0.000000000000;0.000000000000;0.000000000000;0.000000000000
0.100000000000;0.580000000000;-2.357597721266;-0.708946996440;1.648650724826;0.000000000000;0.000000000000;0.000000000000;0.000000000000
0.100000000000;0.620000000000;-2.156513706265;-0.589748007950;1.566765698314;0.000000000000;0.000000000000;0.000000000000;0.000000000000
0.100000000000;0.660000000000;-1.888936560410;-0.433492983179;1.455443577231;0.000000000000;0.000000000000;0.000000000000;0.000000000000
0.100000000000;0.700000000000;-1.573612283536;-0.250000000000;1.323612283536;0.000000000000;0.000000000000;0.000000000000;0.000000000000
0.100000000000;0.740000000000;-1.232550490166;-0.050798597385;1.181751892781;0.000000000000;0.000000000000;0.000000000000;0.000000000000
0.100000000000;0.780000000000;-0.889649628287;0.151594667928;1.041244296215;0.000000000000;0.000000000000;0.000000000000;0.000000000000
0.100000000000;0.820000000000;-0.569204525474;0.344462682729;0.913667208203;0.000000000000;0.000000000000;0.000000000000;0.000000000000
0.100000000000;0.860000000000;-0.294390072761;0.515686840329;0.810076913090;0.000000000000;0.000000000000;0.000000000000;0.000000000000
0.100000000000;0.900000000000;-0.085816359695;0.654508497187;0.740324856883;0.000000000000;0.000000000000;0.000000000000;0.000000000000
0.100000000000;0.940000000000;0.039753911707;0.752204978054;0.712451066347;0.000000000000;0.000000000000;0.000000000000;0.000000000000
0.100000000000;0.980000000000;0.070445098872;0.802637653733;0.732192554860;0.000000000000;0.000000000000;0.000000000000;0.000000000000
0.140000000000;0.020000000000;0.384722802355;0.632397711200;0.247674908845;0.000000000000;0.000000000000;0.000000000000;0.000000000000
0.140000000000;0.060000000000;0.328966346090;0.592661837209;0.263695491119;0.000000000000;0.000000000000;0.000000000000;0.000000000000
0.140000000000;0.100000000000;0.199561702605;0.515686840329;0.316125137724;0.000000000000;0.000000000000;0.000000000000;0.000000000000
0.140000000000;0.140000000000;0.005752629731;0.406309342707;0.400556712976;0.000000000000;0.000000000000;0.000000000000;0.000000000000
0.140000000000;0.180000000000;-0.239362940833;0.271401934782;0.510764875614;0.000000000000;0.000000000000;0.000000000000;0.000000000000
0.140000000000;0.220000000000;-0.519652472309;0.119441345148;0.639093817456;0.000000000000;0.000000000000;0.000000000000;0.000000000000
0.140000000000;0.260000000000;-0.816959771155;-0.040024183477;0.776935587678;0.000000000000;0.000000000000;0.000000000000;0.000000000000
0.140000000000;0.300000000000;-1.112243783188;-0.196974845455;0.915268937733;0.000000000000;0.000000000000;0.000000000000;0.000000000000
0.140000000000;0.340000000000;-1.386773675168;-0.341548853470;1.045224821698;0.000000000000;0.000000000000;0.000000000000;0.000000000000
0.140000000000;0.380000000000;-1.623305105365;-0.464662090893;1.158643014472;0.000000000000;0.000000000000;0.000000000000;0.000000000000
0.140000000000;0.420000000000;-1.807163771057;-0.558578900237;1.248584870821;0.000000000000;0.000000000000;0.000000000000;0.000000000000
0.140000000000;0.460000000000;-1.927168149516;-0.617398142970;1.309770006546;0.000000000000;0.000000000000;0.000000000000;0.000000000000
0.140000000000;0.500000000000;-1.976333455568;-0.637423989749;1.338909465820;0.000000000000;0.000000000000;0.000000000000;0.000000000000
0.140000000000;0.540000000000;-1.952312588347;-0.617398142970;1.334914445377;0.000000000000;0.000000000000;0.000000000000;0.000000000000
0.140000000000;0.580000000000;-1.857546368316;-0.558578900237;1.298967468079;0.000000000000;0.000000000000;0.000000000000;0.000000000000
0.140000000000;0.620000000000;-1.699113634725;-0.464662090893;1.234451543832;0.000000000000;0.000000000000;0.000000000000;0.000000000000
0.140000000000;0.660000000000;-1.488290635259;-0.341548853470;1.146741781789;0.000000000000;0.000000000000;0.000000000000;0.000000000000
0.140000000000;0.700000000000;-1.239847408711;-0.196974845455;1.042872563256;0.000000000000;0.000000000000;0.000000000000;0.000000000000
0.140000000000;0.740000000000;-0.971125390108;-0.040024183477;0.931101206631;0.000000000000;0.000000000000;0.000000000000;0.000000000000
0.140000000000;0.780000000000;-0.700954217227;0.119441345148;0.820395562375;0.000000000000;0.000000000000;0.000000000000;0.000000000000
0.140000000000;0.820000000000;-0.448475823864;0.271401934782;0.719877758646;0.000000000000;0.000000000000;0.000000000000;0.000000000000
0.140000000000;0.860000000000;-0.231949733546;0.406309342707;0.638259076253;0.000000000000;0.000000000000;0.000000000000;0.000000000000
0.140000000000;0.900000000000;-0.067614651360;0.515686840329;0.583301491689;0.000000000000;0.000000000000;0.000000000000;0.000000000000
0.140000000000;0.940000000000;0.031322083113;0.592661837209;0.561339754097;0.000000000000;0.000000000000;0.000000000000;0.000000000000
0.140000000000;0.980000000000;0.055503649834;0.632397711200;0.576894061366;0.000000000000;0.000000000000;0.000000000000;0.000000000000
0.180000000000;0.020000000000;0.257128386522;0.422421894677;0.165293508155;0.000000000000;0.000000000000;0.000000000000;0.000000000000
0.180000000000;0.060000000000;0.219868781427;0.395879573475;0.176010792048;0.000000000000;0.000000000000;0.000000000000;0.000000000000
0.180000000000;0.100000000000;0.133415210916;0.344462682729;0.211047471813;0.000000000000;0.000000000000;0.000000000000;0.000000000000
0.180000000000;0.140000000000;0.003942293194;0.271401934782;0.267459641587;0.000000000000;0.000000000000;0.000000000000;0.000000000000
0.180000000000;0.180000000000;-0.159800888425;0.181288005126;0.341088893551;0.000000000000;0.000000000000;0.000000000000;0.000000000000
0.180000000000;0.220000000000;-0.347038234110;0.079783083377;0.426821317487;0.000000000000;0.000000000000;0.000000000000;0.000000000000
0.180000000000;0.260000000000;-0.545641911973;-0.026734902922;0.518907009051;0.000000000000;0.000000000000;0.000000000000;0.000000000000
0.180000000000;0.300000000000;-0.742893041145;-0.131573036947;0.611320004198;0.000000000000;0.000000000000;0.000000000000;0.000000000000
0.180000000000;0.340000000000;-0.926279971954;-0.228143953168;0.698136018786;0.000000000000;0.000000000000;0.000000000000;0.000000000000
0.180000000000;0.380000000000;-1.084284000933;-0.310379745757;0.773904255176;0.000000000000;0.000000000000;0.000000000000;0.000000000000
0.180000000000;0.420000000000;-1.207103149502;-0.373113237423;0.833989912080;0.000000000000;0.000000000000;0.000000000000;0.000000000000
0.180000000000;0.460000000000;-1.287268528430;-0.412402652167;0.874865876263;0.000000000000;0.000000000000;0.000000000000;0.000000000000
0.180000000000;0.500000000000;-1.320114560960;-0.425779291565;0.894335269395;0.000000000000;0.000000000000;0.000000000000;0.000000000000
0.180000000000;0.540000000000;-1.304073521734;-0.412402652167;0.891670869566;0.000000000000;0.000000000000;0.000000000000;0.000000000000
0.180000000000;0.580000000000;-1.240775889160;-0.373113237423;0.867662651737;0.000000000000;0.000000000000;0.000000000000;0.000000000000
0.180000000000;0.620000000000;-1.134950212139;-0.310379745757;0.824570466383;0.000000000000;0.000000000000;0.000000000000;0.000000000000
0.180000000000;0.660000000000;-0.994128791186;-0.228143953168;0.765984838018;0.000000000000;0.000000000000;0.000000000000;0.000000000000
0.180000000000;0.700000000000;-0.828177677438;-0.131573036947;0.696604640491;0.000000000000;0.000000000000;0.000000000000;0.000000000000
0.180000000000;0.740000000000;-0.648680533951;-0.026734902922;0.621945631029;0.000000000000;0.000000000000;0.000000000000;0.000000000000
0.180000000000;0.780000000000;-0.468215088273;0.079783083377;0.547998171650;0.000000000000;0.000000000000;0.000000000000;0.000000000000
0.180000000000;0.820000000000;-0.299567656332;0.181288005126;0.480855661458;0.000000000000;0.000000000000;0.000000000000;0.000000000000
0.180000000000;0.860000000000;-0.154935110880;0.271401934782;0.426337045662;0.000000000000;0.000000000000;0.000000000000;0.000000000000
0.180000000000;0.900000000000;-0.045164458323;0.344462682729;0.389627141052;0.000000000000;0.000000000000;0.000000000000;0.000000000000
0.180000000000;0.940000000000;0.020922173860;0.395879573475;0.374957399616;0.000000000000;0.000000000000;0.000000000000;0.000000000000
0.180000000000;0.980000000000;0.037074702278;0.422421894677;0.385347192399;0.000000000000;0.000000000000;0.000000000000;0.000000000000
0.220000000000;0.020000000000;0.113428622301;0.185903756952;0.072475134651;0.000000000000;0.000000000000;0.000000000000;0.000000000000
0.220000000000;0.060000000000;0.097002879966;0.174222740197;0.077219860231;0.000000000000;0.000000000000;0.000000000000;0.000000000000
0.220000000000;0.100000000000;0.058928456614;0.151594667928;0.092666211314;0.000000000000;0.000000000000;0.000000000000;0.000000000000
0.220000000000;0.140000000000;0.001922876563;0.119441345148;0.117518468585;0.000000000000;0.000000000000;0.000000000000;0.000000000000
0.220000000000;0.180000000000;-0.070163339631;0.079783083377;0.149946423007;0.000000000000;0.000000000000;0.000000000000;0.000000000000
0.220000000000;0.220000000000;-0.152587605347;0.035111757056;0.187699362403;0.000000000000;0.000000000000;0.000000000000;0.000000000000
0.220000000000;0.260000000000;-0.240012458086;-0.011765770093;0.228246687993;0.000000000000;0.000000000000;0.000000000000;0.000000000000
0.220000000000;0.300000000000;-0.326840333391;-0.057904010635;0.268936322756;0.000000000000;0.000000000000;0.000000000000;0.000000000000
0.220000000000;0.340000000000;-0.407564885444;-0.100403929233;0.307160956210;0.000000000000;0.000000000000;0.000000000000;0.000000000000
0.220000000000;0.380000000000;-0.477116778210;-0.136595099698;0.340521678512;0.000000000000;0.000000000000;0.000000000000;0.000000000000
0.220000000000;0.420000000000;-0.531182219083;-0.164203497687;0.366978721396;0.000000000000;0.000000000000;0.000000000000;0.000000000000
0.220000000000;0.460000000000;-0.566474220190;-0.181494386018;0.384979834172;0.000000000000;0.000000000000;0.000000000000;0.000000000000
0.220000000000;0.500000000000;-0.580939543404;-0.187381314586;0.393558228819;0.000000000000;0.000000000000;0.000000000000;0.000000000000
0.220000000000;0.540000000000;-0.573888326818;-0.181494386018;0.392393940800;0.000000000000;0.000000000000;0.000000000000;0.000000000000
0.220000000000;0.580000000000;-0.546038249257;-0.164203497687;0.381834751570;0.000000000000;0.000000000000;0.000000000000;0.000000000000
0.220000000000;0.620000000000;-0.499470459957;-0.136595099698;0.362875360260;0.000000000000;0.000000000000;0.000000000000;0.000000000000
0.220000000000;0.660000000000;-0.437500045469;-0.100403929233;0.337096116235;0.000000000000;0.000000000000;0.000000000000;0.000000000000
0.220000000000;0.700000000000;-0.364469176869;-0.057904010635;0.306565166234;0.000000000000;0.000000000000;0.000000000000;0.000000000000
0.220000000000;0.740000000000;-0.285475939949;-0.011765770093;0.273710169856;0.000000000000;0.000000000000;0.000000000000;0.000000000000
0.220000000000;0.780000000000;-0.206055893807;0.035111757056;0.241167650863;0.000000000000;0.000000000000;0.000000000000;0.000000000000
0.220000000000;0.820000000000;-0.131836375142;0.079783083377;0.211619458519;0.000000000000;0.000000000000;0.000000000000;0.000000000000
0.220000000000;0.860000000000;-0.068185279399;0.119441345148;0.187626624547;0.000000000000;0.000000000000;0.000000000000;0.000000000000
0.220000000000;0.900000000000;-0.019876397880;0.151594667928;0.171471065808;0.000000000000;0.000000000000;0.000000000000;0.000000000000
0.220000000000;0.940000000000;0.009207650215;0.174222740197;0.165015089981;0.000000000000;0.000000000000;0.000000000000;0.000000000000
0.220000000000;0.980000000000;0.016316214617;0.185903756952;0.169587542335;0.000000000000;0.000000000000;0.000000000000;0.000000000000
0.260000000000;0.020000000000;-0.037330795268;-0.062295397528;-0.024964602260;0.000000000000;0.000000000000;0.000000000000;0.000000000000
0.260000000000;0.060000000000;-0.031895282321;-0.058381148595;-0.026485866274;0.000000000000;0.000000000000;0.000000000000;0.000000000000
0.260000000000;0.100000000000;-0.019202954532;-0.050798597385;-0.031595642853;0.000000000000;0.000000000000;0.000000000000;0.000000000000
0.260000000000;0.140000000000;-0.000164115612;-0.040024183477;-0.039860067865;0.000000000000;0.000000000000;0.000000000000;0.000000000000
0.260000000000;0.180000000000;0.023931272451;-0.026734902922;-0.050666175373;0.000000000000;0.000000000000;0.000000000000;0.000000000000
0.260000000000;0.220000000000;0.051494316615;-0.011765770093;-0.063260086708;0.000000000000;0.000000000000;0.000000000000;0.000000000000
0.260000000000;0.260000000000;0.080736770756;0.003942649343;-0.076794121414;0.000000000000;0.000000000000;0.000000000000;0.000000000000
0.260000000000;0.300000000000;0.109783206045;0.019403337620;-0.090379868425;0.000000000000;0.000000000000;0.000000000000;0.000000000000
0.260000000000;0.340000000000;0.136788724417;0.033644842834;-0.103143881582;0.000000000000;0.000000000000;0.000000000000;0.000000000000
0.260000000000;0.380000000000;0.160054817858;0.045772318836;-0.114282499021;0.000000000000;0.000000000000;0.000000000000;0.000000000000
0.260000000000;0.420000000000;0.178136093087;0.055023751707;-0.123112341380;0.000000000000;0.000000000000;0.000000000000;0.000000000000
0.260000000000;0.460000000000;0.189931155657;0.060817839895;-0.129113315762;0.000000000000;0.000000000000;0.000000000000;0.000000000000
0.260000000000;0.500000000000;0.194751943349;0.062790519529;-0.131961423819;0.000000000000;0.000000000000;0.000000000000;0.000000000000
0.260000000000;0.540000000000;0.192367153476;0.060817839895;-0.131549313581;0.000000000000;0.000000000000;0.000000000000;0.000000000000
0.260000000000;0.580000000000;0.183017037145;0.055023751707;-0.127993285438;0.000000000000;0.000000000000;0.000000000000;0.000000000000
0.260000000000;0.620000000000;0.167398633267;0.045772318836;-0.121626314431;0.000000000000;0.000000000000;0.000000000000;0.000000000000
0.260000000000;0.660000000000;0.146622372996;0.033644842834;-0.112977530162;0.000000000000;0.000000000000;0.000000000000;0.000000000000
0.260000000000;0.700000000000;0.122142784366;0.019403337620;-0.102739446746;0.000000000000;0.000000000000;0.000000000000;0.000000000000
0.260000000000;0.740000000000;0.095667654086;0.003942649343;-0.091725004743;0.000000000000;0.000000000000;0.000000000000;0.000000000000
0.260000000000;0.780000000000;0.069051356331;-0.011765770093;-0.080817126424;0.000000000000;0.000000000000;0.000000000000;0.000000000000
0.260000000000;0.820000000000;0.044179052079;-0.026734902922;-0.070913955001;0.000000000000;0.000000000000;0.000000000000;0.000000000000
0.260000000000;0.860000000000;0.022849034890;-0.040024183477;-0.062873218367;0.000000000000;0.000000000000;0.000000000000;0.000000000000
0.260000000000;0.900000000000;0.006660614678;-0.050798597385;-0.057459212063;0.000000000000;0.000000000000;0.000000000000;0.000000000000
0.260000000000;0.940000000000;-0.003085416547;-0.058381148595;-0.055295732048;0.000000000000;0.000000000000;0.000000000000;0.000000000000
0.260000000000;0.980000000000;-0.005467481355;-0.062295397528;-0.056827916174;0.000000000000;0.000000000000;0.000000000000;0.000000000000
0.300000000000;0.020000000000;-0.185655889886;-0.306580303075;-0.120924413190;0.000000000000;0.000000000000;0.000000000000;0.000000000000
0.300000000000;0.060000000000;-0.158705848260;-0.287316735110;-0.128610886850;0.000000000000;0.000000000000;0.000000000000;0.000000000000
0.300000000000;0.100000000000;-0.096049620612;-0.250000000000;-0.153950379388;0.000000000000;0.000000000000;0.000000000000;0.000000000000
0.300000000000;0.140000000000;-0.002168129511;-0.196974845455;-0.194806715944;0.000000000000;0.000000000000;0.000000000000;0.000000000000
0.300000000000;0.180000000000;0.116589250878;-0.131573036947;-0.248162287824;0.000000000000;0.000000000000;0.000000000000;0.000000000000
0.300000000000;0.220000000000;0.252402008102;-0.057904010635;-0.310306018737;0.000000000000;0.000000000000;0.000000000000;0.000000000000
0.300000000000;0.260000000000;0.396468581747;0.019403337620;-0.377065244127;0.000000000000;0.000000000000;0.000000000000;0.000000000000
0.300000000000;0.300000000000;0.539558430947;0.095491502813;-0.444066928135;0.000000000000;0.000000000000;0.000000000000;0.000000000000
0.300000000000;0.340000000000;0.672591386185;0.165579585690;-0.507011800495;0.000000000000;0.000000000000;0.000000000000;0.000000000000
0.300000000000;0.380000000000;0.787207879284;0.225263694239;-0.561944185044;0.000000000000;0.000000000000;0.000000000000;0.000000000000
0.300000000000;0.420000000000;0.876294219937;0.270793656418;-0.605500563520;0.000000000000;0.000000000000;0.000000000000;0.000000000000
0.300000000000;0.460000000000;0.934429913087;0.299308657254;-0.635121255833;0.000000000000;0.000000000000;0.000000000000;0.000000000000
0.300000000000;0.500000000000;0.958228911441;0.309016994375;-0.649211917066;0.000000000000;0.000000000000;0.000000000000;0.000000000000
0.300000000000;0.540000000000;0.946553363614;0.299308657254;-0.647244706360;0.000000000000;0.000000000000;0.000000000000;0.000000000000
0.300000000000;0.580000000000;0.900586431848;0.270793656418;-0.629792775430;0.000000000000;0.000000000000;0.000000000000;0.000000000000
0.300000000000;0.620000000000;0.823759610486;0.225263694239;-0.598495916246;0.000000000000;0.000000000000;0.000000000000;0.000000000000
0.300000000000;0.660000000000;0.721539120754;0.165579585690;-0.555959535064;0.000000000000;0.000000000000;0.000000000000;0.000000000000
0.300000000000;0.700000000000;0.601084814011;0.095491502813;-0.505593311199;0.000000000000;0.000000000000;0.000000000000;0.000000000000
0.300000000000;0.740000000000;0.470803027771;0.019403337620;-0.451399690151;0.000000000000;0.000000000000;0.000000000000;0.000000000000
0.300000000000;0.780000000000;0.339821502671;-0.057904010635;-0.397725513306;0.000000000000;0.000000000000;0.000000000000;0.000000000000
0.300000000000;0.820000000000;0.217419365125;-0.131573036947;-0.348992402071;0.000000000000;0.000000000000;0.000000000000;0.000000000000
0.300000000000;0.860000000000;0.112448002170;-0.196974845455;-0.309422847624;0.000000000000;0.000000000000;0.000000000000;0.000000000000
0.300000000000;0.900000000000;0.032779225331;-0.250000000000;-0.282779225331;0.000000000000;0.000000000000;0.000000000000;0.000000000000
0.300000000000;0.940000000000;-0.015184595214;-0.287316735110;-0.272132139895;0.000000000000;0.000000000000;0.000000000000;0.000000000000
0.300000000000;0.980000000000;-0.026907636546;-0.306580303075;-0.279672666529;0.000000000000;0.000000000000;0.000000000000;0.000000000000
0.340000000000;0.020000000000;-0.322200449380;-0.531601640657;-0.209401191277;0.000000000000;0.000000000000;0.000000000000;0.000000000000
0.340000000000;0.060000000000;-0.275434786387;-0.498199154480;-0.222764368094;0.000000000000;0.000000000000;0.000000000000;0.000000000000
0.340000000000;0.100000000000;-0.166757378455;-0.433492983179;-0.266735604724;0.000000000000;0.000000000000;0.000000000000;0.000000000000
0.340000000000;0.140000000000;-0.003938215062;-0.341548853470;-0.337610638408;0.000000000000;0.000000000000;0.000000000000;0.000000000000
0.340000000000;0.180000000000;0.202012877073;-0.228143953168;-0.430156830240;0.000000000000;0.000000000000;0.000000000000;0.000000000000
0.340000000000;0.220000000000;0.437535170453;-0.100403929233;-0.537939099687;0.000000000000;0.000000000000;0.000000000000;0.000000000000
0.340000000000;0.260000000000;0.687366847222;0.033644842834;-0.653722004387;0.000000000000;0.000000000000;0.000000000000;0.000000000000
0.340000000000;0.300000000000;0.935502277410;0.165579585690;-0.769922691720;0.000000000000;0.000000000000;0.000000000000;0.000000000000
0.340000000000;0.340000000000;1.166196608272;0.287110354217;-0.879086254054;0.000000000000;0.000000000000;0.000000000000;0.000000000000
0.340000000000;0.380000000000;1.364954537114;0.390600923271;-0.974353613843;0.000000000000;0.000000000000;0.000000000000;0.000000000000
0.340000000000;0.420000000000;1.519441135823;0.469548599787;-1.049892536037;0.000000000000;0.000000000000;0.000000000000;0.000000000000
0.340000000000;0.460000000000;1.620257495123;0.518992810898;-1.101264684225;0.000000000000;0.000000000000;0.000000000000;0.000000000000
0.340000000000;0.500000000000;1.661532452755;0.535826794979;-1.125705657776;0.000000000000;0.000000000000;0.000000000000;0.000000000000
0.340000000000;0.540000000000;1.641293228437;0.518992810898;-1.122300417539;0.000000000000;0.000000000000;0.000000000000;0.000000000000
0.340000000000;0.580000000000;1.561591683533;0.469548599787;-1.092043083747;0.000000000000;0.000000000000;0.000000000000;0.000000000000
0.340000000000;0.620000000000;1.428378281764;0.390600923271;-1.037777358492;0.000000000000;0.000000000000;0.000000000000;0.000000000000
0.340000000000;0.660000000000;1.251131683967;0.287110354217;-0.964021329749;0.000000000000;0.000000000000;0.000000000000;0.000000000000
0.340000000000;0.700000000000;1.042267268385;0.165579585690;-0.876687682695;0.000000000000;0.000000000000;0.000000000000;0.000000000000
0.340000000000;0.740000000000;0.816361762628;0.033644842834;-0.782716919793;0.000000000000;0.000000000000;0.000000000000;0.000000000000
0.340000000000;0.780000000000;0.589242730650;-0.100403929233;-0.689646659883;0.000000000000;0.000000000000;0.000000000000;0.000000000000
0.340000000000;0.820000000000;0.377000150678;-0.228143953168;-0.605144103846;0.000000000000;0.000000000000;0.000000000000;0.000000000000
0.340000000000;0.860000000000;0.194982213627;-0.341548853470;-0.536531067097;0.000000000000;0.000000000000;0.000000000000;0.000000000000
0.340000000000;0.900000000000;0.056838458773;-0.433492983179;-0.490331441952;0.000000000000;0.000000000000;0.000000000000;0.000000000000
0.340000000000;0.940000000000;-0.026329616068;-0.498199154480;-0.471869538412;0.000000000000;0.000000000000;0.000000000000;0.000000000000
0.340000000000;0.980000000000;-0.046657087987;-0.531601640657;-0.484944552670;0.000000000000;0.000000000000;0.000000000000;0.000000000000
0.380000000000;0.020000000000;-0.438352938848;-0.723220492062;-0.284867553214;0.000000000000;0.000000000000;0.000000000000;0.000000000000
0.380000000000;0.060000000000;-0.374715732633;-0.677777888727;-0.303062156094;0.000000000000;0.000000000000;0.000000000000;0.000000000000
0.380000000000;0.100000000000;-0.226851734539;-0.589748007950;-0.362896273411;0.000000000000;0.000000000000;0.000000000000;0.000000000000
0.380000000000;0.140000000000;-0.005331803162;-0.464662090893;-0.459330287730;0.000000000000;0.000000000000;0.000000000000;0.000000000000
0.380000000000;0.180000000000;0.274865555295;-0.310379745757;-0.585245301052;0.000000000000;0.000000000000;0.000000000000;0.000000000000
0.380000000000;0.220000000000;0.595291460405;-0.136595099698;-0.731886560103;0.000000000000;0.000000000000;0.000000000000;0.000000000000
0.380000000000;0.260000000000;0.935182793964;0.045772318836;-0.889410475128;0.000000000000;0.000000000000;0.000000000000;0.000000000000
0.380000000000;0.300000000000;1.272764542858;0.225263694239;-1.047500848619;0.000000000000;0.000000000000;0.000000000000;0.000000000000
0.380000000000;0.340000000000;1.586616507533;0.390600923271;-1.196015584262;0.000000000000;0.000000000000;0.000000000000;0.000000000000
0.380000000000;0.380000000000;1.857018493388;0.531395259765;-1.325623233624;0.000000000000;0.000000000000;0.000000000000;0.000000000000
0.380000000000;0.420000000000;2.067189456823;0.638800077752;-1.428389379072;0.000000000000;0.000000000000;0.000000000000;0.000000000000
0.380000000000;0.460000000000;2.204342743307;0.706066737511;-1.498276005795;0.000000000000;0.000000000000;0.000000000000;0.000000000000
0.380000000000;0.500000000000;2.260491113030;0.728968627421;-1.531522485609;0.000000000000;0.000000000000;0.000000000000;0.000000000000
0.380000000000;0.540000000000;2.232950974366;0.706066737511;-1.526884236855;0.000000000000;0.000000000000;0.000000000000;0.000000000000
0.380000000000;0.580000000000;2.124514148677;0.638800077752;-1.485714070925;0.000000000000;0.000000000000;0.000000000000;0.000000000000
0.380000000000;0.620000000000;1.943276384463;0.531395259765;-1.411881124698;0.000000000000;0.000000000000;0.000000000000;0.000000000000
0.380000000000;0.660000000000;1.702133411817;0.390600923271;-1.311532488546;0.000000000000;0.000000000000;0.000000000000;0.000000000000
0.380000000000;0.700000000000;1.417976224120;0.225263694239;-1.192712529881;0.000000000000;0.000000000000;0.000000000000;0.000000000000
0.380000000000;0.740000000000;1.110636179643;0.045772318836;-1.064863860807;0.000000000000;0.000000000000;0.000000000000;0.000000000000
0.380000000000;0.780000000000;0.801646242358;-0.136595099698;-0.938241342056;0.000000000000;0.000000000000;0.000000000000;0.000000000000
0.380000000000;0.820000000000;0.512896238895;-0.310379745757;-0.823275984652;0.000000000000;0.000000000000;0.000000000000;0.000000000000
0.380000000000;0.860000000000;0.265266668678;-0.464662090893;-0.729928759571;0.000000000000;0.000000000000;0.000000000000;0.000000000000
0.380000000000;0.900000000000;0.077326946165;-0.589748007950;-0.667074954115;0.000000000000;0.000000000000;0.000000000000;0.000000000000
0.380000000000;0.940000000000;-0.035820106772;-0.677777888727;-0.641957781955;0.000000000000;0.000000000000;0.000000000000;0.000000000000
0.380000000000;0.980000000000;-0.063474904360;-0.723220492062;-0.659745587702;0.000000000000;0.000000000000;0.000000000000;0.000000000000
0.420000000000;0.020000000000;-0.526777512592;-0.869396740132;-0.342619227540;0.000000000000;0.000000000000;0.000000000000;0.000000000000
0.420000000000;0.060000000000;-0.450272655534;-0.814769345532;-0.364496689997;0.000000000000;0.000000000000;0.000000000000;0.000000000000
0.420000000000;0.100000000000;-0.272518696941;-0.708946996440;-0.436428299498;0.000000000000;0.000000000000;0.000000000000;0.000000000000
0.420000000000;0.140000000000;-0.006223200559;-0.558578900237;-0.552355699678;0.000000000000;0.000000000000;0.000000000000;0.000000000000
0.420000000000;0.180000000000;0.330607761245;-0.373113237423;-0.703720998668;0.000000000000;0.000000000000;0.000000000000;0.000000000000
0.420000000000;0.220000000000;0.715796327538;-0.164203497687;-0.879999825225;0.000000000000;0.000000000000;0.000000000000;0.000000000000
0.420000000000;0.260000000000;1.124382669914;0.055023751707;-1.069358918207;0.000000000000;0.000000000000;0.000000000000;0.000000000000
0.420000000000;0.300000000000;1.530190572839;0.270793656418;-1.259396916421;0.000000000000;0.000000000000;0.000000000000;0.000000000000
0.420000000000;0.340000000000;1.907470390899;0.469548599787;-1.437921791112;0.000000000000;0.000000000000;0.000000000000;0.000000000000
0.420000000000;0.380000000000;2.232516141571;0.638800077752;-1.593716063819;0.000000000000;0.000000000000;0.000000000000;0.000000000000
0.420000000000;0.420000000000;2.485155119919;0.767913397489;-1.717241722429;0.000000000000;0.000000000000;0.000000000000;0.000000000000
0.420000000000;0.460000000000;2.650016433997;0.848775894275;-1.801240539722;0.000000000000;0.000000000000;0.000000000000;0.000000000000
0.420000000000;0.500000000000;2.717498753385;0.876306680044;-1.841192073341;0.000000000000;0.000000000000;0.000000000000;0.000000000000
0.420000000000;0.540000000000;2.684376465302;0.848775894275;-1.835600571027;0.000000000000;0.000000000000;0.000000000000;0.000000000000
0.420000000000;0.580000000000;2.554006155950;0.767913397489;-1.786092758460;0.000000000000;0.000000000000;0.000000000000;0.000000000000
0.420000000000;0.620000000000;2.336120451626;0.638800077752;-1.697320373874;0.000000000000;0.000000000000;0.000000000000;0.000000000000
0.420000000000;0.660000000000;2.046222187369;0.469548599787;-1.576673587583;0.000000000000;0.000000000000;0.000000000000;0.000000000000
0.420000000000;0.700000000000;1.704616991513;0.270793656418;-1.433823335095;0.000000000000;0.000000000000;0.000000000000;0.000000000000
0.420000000000;0.740000000000;1.335145104596;0.055023751707;-1.280121352889;0.000000000000;0.000000000000;0.000000000000;0.000000000000
0.420000000000;0.780000000000;0.963692162083;-0.164203497687;-1.127895659770;0.000000000000;0.000000000000;0.000000000000;0.000000000000
0.420000000000;0.820000000000;0.616572572040;-0.373113237423;-0.989685809463;0.000000000000;0.000000000000;0.000000000000;0.000000000000
0.420000000000;0.860000000000;0.318887133805;-0.558578900237;-0.877466034042;0.000000000000;0.000000000000;0.000000000000;0.000000000000
0.420000000000;0.900000000000;0.092958161583;-0.708946996440;-0.801905158023;0.000000000000;0.000000000000;0.000000000000;0.000000000000
0.420000000000;0.940000000000;-0.043059510298;-0.814769345532;-0.771709835234;0.000000000000;0.000000000000;0.000000000000;0.000000000000
0.420000000000;0.980000000000;-0.076304350201;-0.869396740132;-0.793092389931;0.000000000000;0.000000000000;0.000000000000;0.000000000000
0.460000000000;0.020000000000;-0.581875239167;-0.960945593601;-0.379070354434;0.000000000000;0.000000000000;0.000000000000;0.000000000000
0.460000000000;0.060000000000;-0.497314400407;-0.900565847845;-0.403251447438;0.000000000000;0.000000000000;0.000000000000;0.000000000000
0.460000000000;0.100000000000;-0.300844508950;-0.783600237818;-0.482755728868;0.000000000000;0.000000000000;0.000000000000;0.000000000000
0.460000000000;0.140000000000;-0.006511436038;-0.617398142970;-0.610886706932;0.000000000000;0.000000000000;0.000000000000;0.000000000000
0.460000000000;0.180000000000;0.365782497004;-0.412402652167;-0.778185149172;0.000000000000;0.000000000000;0.000000000000;0.000000000000
0.460000000000;0.220000000000;0.791523890782;-0.181494386018;-0.973018276800;0.000000000000;0.000000000000;0.000000000000;0.000000000000
0.460000000000;0.260000000000;1.243124448169;0.060817839895;-1.182306608274;0.000000000000;0.000000000000;0.000000000000;0.000000000000
0.460000000000;0.300000000000;1.691651424410;0.299308657254;-1.392342767156;0.000000000000;0.000000000000;0.000000000000;0.000000000000
0.460000000000;0.340000000000;2.108643605209;0.518992810898;-1.589650794311;0.000000000000;0.000000000000;0.000000000000;0.000000000000
0.460000000000;0.380000000000;2.467898700193;0.706066737511;-1.761831962682;0.000000000000;0.000000000000;0.000000000000;0.000000000000
0.460000000000;0.420000000000;2.747119837978;0.848775894275;-1.898343943703;0.000000000000;0.000000000000;0.000000000000;0.000000000000
0.460000000000;0.460000000000;2.929317704611;0.938153340022;-1.991164364589;0.000000000000;0.000000000000;0.000000000000;0.000000000000
0.460000000000;0.500000000000;3.003880222851;0.968583161129;-2.035297061722;0.000000000000;0.000000000000;0.000000000000;0.000000000000
0.460000000000;0.540000000000;2.967242560900;0.938153340022;-2.029089220878;0.000000000000;0.000000000000;0.000000000000;0.000000000000
0.460000000000;0.580000000000;2.823115373351;0.848775894275;-1.974339479076;0.000000000000;0.000000000000;0.000000000000;0.000000000000
0.460000000000;0.620000000000;2.582256936827;0.706066737511;-1.876190199316;0.000000000000;0.000000000000;0.000000000000;0.000000000000
0.460000000000;0.660000000000;2.261803504883;0.518992810898;-1.742810693985;0.000000000000;0.000000000000;0.000000000000;0.000000000000
0.460000000000;0.700000000000;1.884199971736;0.299308657254;-1.584891314482;0.000000000000;0.000000000000;0.000000000000;0.000000000000
0.460000000000;0.740000000000;1.475798059781;0.060817839895;-1.414980219886;0.000000000000;0.000000000000;0.000000000000;0.000000000000
0.460000000000;0.780000000000;1.065210154570;-0.181494386018;-1.246704540588;0.000000000000;0.000000000000;0.000000000000;0.000000000000
0.460000000000;0.820000000000;0.681522289551;-0.412402652167;-1.093924941718;0.000000000000;0.000000000000;0.000000000000;0.000000000000
0.460000000000;0.860000000000;0.352478661269;-0.617398142970;-0.969876804239;0.000000000000;0.000000000000;0.000000000000;0.000000000000
0.460000000000;0.900000000000;0.102751865680;-0.783600237818;-0.886352103498;0.000000000000;0.000000000000;0.000000000000;0.000000000000
0.460000000000;0.940000000000;-0.047592344422;-0.900565847845;-0.852973503422;0.000000000000;0.000000000000;0.000000000000;0.000000000000
0.460000000000;0.980000000000;-0.084339253754;-0.960945593601;-0.876606339847;0.000000000000;0.000000000000;0.000000000000;0.000000000000
0.500000000000;0.020000000000;-0.600136647897;-0.992114701314;-0.391978053417;0.000000000000;0.000000000000;0.000000000000;0.000000000000
0.500000000000;0.060000000000;-0.512836433391;-0.929776485888;-0.416940052497;0.000000000000;0.000000000000;0.000000000000;0.000000000000
0.500000000000;0.100000000000;-0.309999359038;-0.809016994375;-0.499017635337;0.000000000000;0.000000000000;0.000000000000;0.000000000000
0.500000000000;0.140000000000;-0.006127133265;-0.637423989749;-0.631296856484;0.000000000000;0.000000000000;0.000000000000;0.000000000000
0.500000000000;0.180000000000;0.378232113905;-0.425779291565;-0.804011405470;0.000000000000;0.000000000000;0.000000000000;0.000000000000
0.500000000000;0.220000000000;0.817769602988;-0.187381314586;-1.005150917573;0.000000000000;0.000000000000;0.000000000000;0.000000000000
0.500000000000;0.260000000000;1.284001920946;0.062790519529;-1.221211401417;0.000000000000;0.000000000000;0.000000000000;0.000000000000
0.500000000000;0.300000000000;1.747057611863;0.309016994375;-1.438040617488;0.000000000000;0.000000000000;0.000000000000;0.000000000000
0.500000000000;0.340000000000;2.177552074454;0.535826794979;-1.641725279475;0.000000000000;0.000000000000;0.000000000000;0.000000000000
0.500000000000;0.380000000000;2.548432953494;0.728968627421;-1.819464326072;0.000000000000;0.000000000000;0.000000000000;0.000000000000
0.500000000000;0.420000000000;2.836680069339;0.876306680044;-1.960373389295;0.000000000000;0.000000000000;0.000000000000;0.000000000000
0.500000000000;0.460000000000;3.024753072097;0.968583161129;-2.056169910969;0.000000000000;0.000000000000;0.000000000000;0.000000000000
0.500000000000;0.500000000000;3.101695859922;1.000000000000;-2.101695859922;0.000000000000;0.000000000000;0.000000000000;0.000000000000
0.500000000000;0.540000000000;3.063828368084;0.968583161129;-2.095245206955;0.000000000000;0.000000000000;0.000000000000;0.000000000000
0.500000000000;0.580000000000;2.914982261633;0.876306680044;-2.038675581589;0.000000000000;0.000000000000;0.000000000000;0.000000000000
0.500000000000;0.620000000000;2.666265720760;0.728968627421;-1.937297093339;0.000000000000;0.000000000000;0.000000000000;0.000000000000
0.500000000000;0.660000000000;2.335372094746;0.535826794979;-1.799545299767;0.000000000000;0.000000000000;0.000000000000;0.000000000000
0.500000000000;0.700000000000;1.945475860539;0.309016994375;-1.636458866164;0.000000000000;0.000000000000;0.000000000000;0.000000000000
0.500000000000;0.740000000000;1.523785258425;0.062790519529;-1.460994738896;0.000000000000;0.000000000000;0.000000000000;0.000000000000
0.500000000000;0.780000000000;1.099842565695;-0.187381314586;-1.287223880280;0.000000000000;0.000000000000;0.000000000000;0.000000000000
0.500000000000;0.820000000000;0.703678859477;-0.425779291565;-1.129458151042;0.000000000000;0.000000000000;0.000000000000;0.000000000000
0.500000000000;0.860000000000;0.363939317041;-0.637423989749;-1.001363306790;0.000000000000;0.000000000000;0.000000000000;0.000000000000
0.500000000000;0.900000000000;0.106097021249;-0.809016994375;-0.915114015624;0.000000000000;0.000000000000;0.000000000000;0.000000000000
0.500000000000;0.940000000000;-0.049132267960;-0.929776485888;-0.880644217928;0.000000000000;0.000000000000;0.000000000000;0.000000000000
0.500000000000;0.980000000000;-0.087074558090;-0.992114701314;-0.905040143224;0.000000000000;0.000000000000;0.000000000000;0.000000000000
0.540000000000;0.020000000000;-0.580363491966;-0.960945593601;-0.380582101635;0.000000000000;0.000000000000;0.000000000000;0.000000000000
0.540000000000;0.060000000000;-0.495810895924;-0.900565847845;-0.404754951921;0.000000000000;0.000000000000;0.000000000000;0.000000000000
0.540000000000;0.100000000000;-0.299353623501;-0.783600237818;-0.484246614317;0.000000000000;0.000000000000;0.000000000000;0.000000000000
0.540000000000;0.140000000000;-0.005038113861;-0.617398142970;-0.612360029109;0.000000000000;0.000000000000;0.000000000000;0.000000000000
0.540000000000;0.180000000000;0.367232700715;-0.412402652167;-0.779635352882;0.000000000000;0.000000000000;0.000000000000;0.000000000000
0.540000000000;0.220000000000;0.792944774238;-0.181494386018;-0.974439160256;0.000000000000;0.000000000000;0.000000000000;0.000000000000
0.540000000000;0.260000000000;1.244509140297;0.060817839895;-1.183691300402;0.000000000000;0.000000000000;0.000000000000;0.000000000000
0.540000000000;0.300000000000;1.692992382717;0.299308657254;-1.393683725463;0.000000000000;0.000000000000;0.000000000000;0.000000000000
0.540000000000;0.340000000000;2.109932644380;0.518992810898;-1.590939833482;0.000000000000;0.000000000000;0.000000000000;0.000000000000
0.540000000000;0.380000000000;2.469127064614;0.706066737511;-1.763060327103;0.000000000000;0.000000000000;0.000000000000;0.000000000000
0.540000000000;0.420000000000;2.748278334688;0.848775894275;-1.899502440413;0.000000000000;0.000000000000;0.000000000000;0.000000000000
0.540000000000;0.460000000000;2.930396916332;0.938153340022;-1.992243576310;0.000000000000;0.000000000000;0.000000000000;0.000000000000
0.540000000000;0.500000000000;3.004870822898;0.968583161129;-2.036287661769;0.000000000000;0.000000000000;0.000000000000;0.000000000000
0.540000000000;0.540000000000;2.968135751350;0.938153340022;-2.029982411328;0.000000000000;0.000000000000;0.000000000000;0.000000000000
0.540000000000;0.580000000000;2.823903462473;0.848775894275;-1.975127568198;0.000000000000;0.000000000000;0.000000000000;0.000000000000
0.540000000000;0.620000000000;2.582934057910;0.706066737511;-1.876867320399;0.000000000000;0.000000000000;0.000000000000;0.000000000000
0.540000000000;0.660000000000;2.262366451797;0.518992810898;-1.743373640899;0.000000000000;0.000000000000;0.000000000000;0.000000000000
0.540000000000;0.700000000000;1.884649082574;0.299308657254;-1.585340425319;0.000000000000;0.000000000000;0.000000000000;0.000000000000
0.540000000000;0.740000000000;1.476138016987;0.060817839895;-1.415320177093;0.000000000000;0.000000000000;0.000000000000;0.000000000000
0.540000000000;0.780000000000;1.065450494285;-0.181494386018;-1.246944880303;0.000000000000;0.000000000000;0.000000000000;0.000000000000
0.540000000000;0.820000000000;0.681677346122;-0.412402652167;-1.094079998289;0.000000000000;0.000000000000;0.000000000000;0.000000000000
0.540000000000;0.860000000000;0.352566660984;-0.617398142970;-0.969964803954;0.000000000000;0.000000000000;0.000000000000;0.000000000000
0.540000000000;0.900000000000;0.102792997642;-0.783600237818;-0.886393235460;0.000000000000;0.000000000000;0.000000000000;0.000000000000
0.540000000000;0.940000000000;-0.047578740475;-0.900565847845;-0.852987107369;0.000000000000;0.000000000000;0.000000000000;0.000000000000
0.540000000000;0.980000000000;-0.084337732454;-0.960945593601;-0.876607861147;0.000000000000;0.000000000000;0.000000000000;0.000000000000
0.580000000000;0.020000000000;-0.523745775473;-0.869396740132;-0.345650964659;0.000000000000;0.000000000000;0.000000000000;0.000000000000
0.580000000000;0.060000000000;-0.447253027533;-0.814769345532;-0.367516317999;0.000000000000;0.000000000000;0.000000000000;0.000000000000
0.580000000000;0.100000000000;-0.269519362771;-0.708946996440;-0.439427633668;0.000000000000;0.000000000000;0.000000000000;0.000000000000
0.580000000000;0.140000000000;-0.003253437739;-0.558578900237;-0.555325462498;0.000000000000;0.000000000000;0.000000000000;0.000000000000
0.580000000000;0.180000000000;0.333537488921;-0.373113237423;-0.706650726343;0.000000000000;0.000000000000;0.000000000000;0.000000000000
0.580000000000;0.220000000000;0.718674285779;-0.164203497687;-0.882877783466;0.000000000000;0.000000000000;0.000000000000;0.000000000000
0.580000000000;0.260000000000;1.127195787991;0.055023751707;-1.072172036284;0.000000000000;0.000000000000;0.000000000000;0.000000000000
0.580000000000;0.300000000000;1.532924408589;0.270793656418;-1.262130752171;0.000000000000;0.000000000000;0.000000000000;0.000000000000
0.580000000000;0.340000000000;1.910109143990;0.469548599787;-1.440560544203;0.000000000000;0.000000000000;0.000000000000;0.000000000000
0.580000000000;0.380000000000;2.235042738125;0.638800077752;-1.596242660373;0.000000000000;0.000000000000;0.000000000000;0.000000000000
0.580000000000;0.420000000000;2.487551398327;0.767913397489;-1.719638000837;0.000000000000;0.000000000000;0.000000000000;0.000000000000
0.580000000000;0.460000000000;2.652263469112;0.848775894275;-1.803487574837;0.000000000000;0.000000000000;0.000000000000;0.000000000000
0.580000000000;0.500000000000;2.719577363075;0.876306680044;-1.843270683031;0.000000000000;0.000000000000;0.000000000000;0.000000000000
0.580000000000;0.540000000000;2.686267947528;0.848775894275;-1.837492053253;0.000000000000;0.000000000000;0.000000000000;0.000000000000
0.580000000000;0.580000000000;2.555693302234;0.767913397489;-1.787779904745;0.000000000000;0.000000000000;0.000000000000;0.000000000000
0.580000000000;0.620000000000;2.337588867961;0.638800077752;-1.698788790209;0.000000000000;0.000000000000;0.000000000000;0.000000000000
0.580000000000;0.660000000000;2.047461917274;0.469548599787;-1.577913317488;0.000000000000;0.000000000000;0.000000000000;0.000000000000
0.580000000000;0.700000000000;1.705624366819;0.270793656418;-1.434830710401;0.000000000000;0.000000000000;0.000000000000;0.000000000000
0.580000000000;0.740000000000;1.335924636501;0.055023751707;-1.280900884794;0.000000000000;0.000000000000;0.000000000000;0.000000000000
0.580000000000;0.780000000000;0.964258124656;-0.164203497687;-1.128461622343;0.000000000000;0.000000000000;0.000000000000;0.000000000000
0.580000000000;0.820000000000;0.616949742039;-0.373113237423;-0.990062979462;0.000000000000;0.000000000000;0.000000000000;0.000000000000
0.580000000000;0.860000000000;0.319110000988;-0.558578900237;-0.877688901225;0.000000000000;0.000000000000;0.000000000000;0.000000000000
0.580000000000;0.900000000000;0.093067953522;-0.708946996440;-0.802014949962;0.000000000000;0.000000000000;0.000000000000;0.000000000000
0.580000000000;0.940000000000;-0.043020219756;-0.814769345532;-0.771749125776;0.000000000000;0.000000000000;0.000000000000;0.000000000000
0.580000000000;0.980000000000;-0.076298662177;-0.869396740132;-0.793098077955;0.000000000000;0.000000000000;0.000000000000;0.000000000000
0.620000000000;0.020000000000;-0.433789102692;-0.723220492062;-0.289431389370;0.000000000000;0.000000000000;0.000000000000;0.000000000000
0.620000000000;0.060000000000;-0.370159687283;-0.677777888727;-0.307618201444;0.000000000000;0.000000000000;0.000000000000;0.000000000000
0.620000000000;0.100000000000;-0.222314380298;-0.589748007950;-0.367433627652;0.000000000000;0.000000000000;0.000000000000;0.000000000000
0.620000000000;0.140000000000;-0.000825564554;-0.464662090893;-0.463836526338;0.000000000000;0.000000000000;0.000000000000;0.000000000000
0.620000000000;0.180000000000;0.279326576371;-0.310379745757;-0.589706322128;0.000000000000;0.000000000000;0.000000000000;0.000000000000
0.620000000000;0.220000000000;0.599691333593;-0.136595099698;-0.736286433291;0.000000000000;0.000000000000;0.000000000000;0.000000000000
0.620000000000;0.260000000000;0.939503620318;0.045772318836;-0.893731301481;0.000000000000;0.000000000000;0.000000000000;0.000000000000
0.620000000000;0.300000000000;1.276986338710;0.225263694239;-1.051722644470;0.000000000000;0.000000000000;0.000000000000;0.000000000000
0.620000000000;0.340000000000;1.590717131082;0.390600923271;-1.200116207810;0.000000000000;0.000000000000;0.000000000000;0.000000000000
0.620000000000;0.380000000000;1.860973640220;0.531395259765;-1.329578380456;0.000000000000;0.000000000000;0.000000000000;0.000000000000
0.620000000000;0.420000000000;2.070972760223;0.638800077752;-1.432172682471;0.000000000000;0.000000000000;0.000000000000;0.000000000000
0.620000000000;0.460000000000;2.207926027241;0.706066737511;-1.501859289730;0.000000000000;0.000000000000;0.000000000000;0.000000000000
0.620000000000;0.500000000000;2.263844859829;0.728968627421;-1.534876232408;0.000000000000;0.000000000000;0.000000000000;0.000000000000
0.620000000000;0.540000000000;2.236045084310;0.706066737511;-1.529978346799;0.000000000000;0.000000000000;0.000000000000;0.000000000000
0.620000000000;0.580000000000;2.127319082073;0.638800077752;-1.488519004321;0.000000000000;0.000000000000;0.000000000000;0.000000000000
0.620000000000;0.620000000000;1.945764782481;0.531395259765;-1.414369522716;0.000000000000;0.000000000000;0.000000000000;0.000000000000
0.620000000000;0.660000000000;1.704282279312;0.390600923271;-1.313681356041;0.000000000000;0.000000000000;0.000000000000;0.000000000000
0.620000000000;0.700000000000;1.419769707296;0.225263694239;-1.194506013057;0.000000000000;0.000000000000;0.000000000000;0.000000000000
0.620000000000;0.740000000000;1.112068855577;0.045772318836;-1.066296536741;0.000000000000;0.000000000000;0.000000000000;0.000000000000
0.620000000000;0.780000000000;0.802726620363;-0.136595099698;-0.939321720061;0.000000000000;0.000000000000;0.000000000000;0.000000000000
0.620000000000;0.820000000000;0.513649825139;-0.310379745757;-0.824029570896;0.000000000000;0.000000000000;0.000000000000;0.000000000000
0.620000000000;0.860000000000;0.265737478573;-0.464662090893;-0.730399569465;0.000000000000;0.000000000000;0.000000000000;0.000000000000
0.620000000000;0.900000000000;0.077575899476;-0.589748007950;-0.667323907426;0.000000000000;0.000000000000;0.000000000000;0.000000000000
0.620000000000;0.940000000000;-0.035721527116;-0.677777888727;-0.642056361610;0.000000000000;0.000000000000;0.000000000000;0.000000000000
0.620000000000;0.980000000000;-0.063456310664;-0.723220492062;-0.659764181398;0.000000000000;0.000000000000;0.000000000000;0.000000000000
0.660000000000;0.020000000000;-0.316096723383;-0.531601640657;-0.215504917273;0.000000000000;0.000000000000;0.000000000000;0.000000000000
0.660000000000;0.060000000000;-0.269323632578;-0.498199154480;-0.228875521903;0.000000000000;0.000000000000;0.000000000000;0.000000000000
0.660000000000;0.100000000000;-0.160650888511;-0.433492983179;-0.272842094669;0.000000000000;0.000000000000;0.000000000000;0.000000000000
0.660000000000;0.140000000000;0.002149716866;-0.341548853470;-0.343698570336;0.000000000000;0.000000000000;0.000000000000;0.000000000000
0.660000000000;0.180000000000;0.208066339436;-0.228143953168;-0.436210292604;0.000000000000;0.000000000000;0.000000000000;0.000000000000
0.660000000000;0.220000000000;0.443536005423;-0.100403929233;-0.543939934656;0.000000000000;0.000000000000;0.000000000000;0.000000000000
0.660000000000;0.260000000000;0.693294412355;0.033644842834;-0.659649569520;0.000000000000;0.000000000000;0.000000000000;0.000000000000
0.660000000000;0.300000000000;0.941333205666;0.165579585690;-0.775753619976;0.000000000000;0.000000000000;0.000000000000;0.000000000000
0.660000000000;0.340000000000;1.171904578995;0.287110354217;-0.884794224777;0.000000000000;0.000000000000;0.000000000000;0.000000000000
0.660000000000;0.380000000000;1.370510077657;0.390600923271;-0.979909154385;0.000000000000;0.000000000000;0.000000000000;0.000000000000
0.660000000000;0.420000000000;1.524811483681;0.469548599787;-1.055262883894;0.000000000000;0.000000000000;0.000000000000;0.000000000000
0.660000000000;0.460000000000;1.625406565012;0.518992810898;-1.106413754114;0.000000000000;0.000000000000;0.000000000000;0.000000000000
0.660000000000;0.500000000000;1.666420973518;0.535826794979;-1.130594178539;0.000000000000;0.000000000000;0.000000000000;0.000000000000
0.660000000000;0.540000000000;1.645879142647;0.518992810898;-1.126886331749;0.000000000000;0.000000000000;0.000000000000;0.000000000000
0.660000000000;0.580000000000;1.565830939419;0.469548599787;-1.096282339632;0.000000000000;0.000000000000;0.000000000000;0.000000000000
0.660000000000;0.620000000000;1.432226191987;0.390600923271;-1.041625268715;0.000000000000;0.000000000000;0.000000000000;0.000000000000
0.660000000000;0.660000000000;1.254545073371;0.287110354217;-0.967434719154;0.000000000000;0.000000000000;0.000000000000;0.000000000000
0.660000000000;0.700000000000;1.045207666673;0.165579585690;-0.879628080983;0.000000000000;0.000000000000;0.000000000000;0.000000000000
0.660000000000;0.740000000000;0.818799880522;0.033644842834;-0.785155037687;0.000000000000;0.000000000000;0.000000000000;0.000000000000
0.660000000000;0.780000000000;0.591164315846;-0.100403929233;-0.691568245079;0.000000000000;0.000000000000;0.000000000000;0.000000000000
0.660000000000;0.820000000000;0.378412929516;-0.228143953168;-0.606556882684;0.000000000000;0.000000000000;0.000000000000;0.000000000000
0.660000000000;0.860000000000;0.195922822816;-0.341548853470;-0.537471676285;0.000000000000;0.000000000000;0.000000000000;0.000000000000
0.660000000000;0.900000000000;0.057376947114;-0.433492983179;-0.490869930294;0.000000000000;0.000000000000;0.000000000000;0.000000000000
0.660000000000;0.940000000000;-0.026091761340;-0.498199154480;-0.472107393140;0.000000000000;0.000000000000;0.000000000000;0.000000000000
0.660000000000;0.980000000000;-0.046600228512;-0.531601640657;-0.485001412145;0.000000000000;0.000000000000;0.000000000000;0.000000000000
0.700000000000;0.020000000000;-0.178019701860;-0.306580303075;-0.128560601216;0.000000000000;0.000000000000;0.000000000000;0.000000000000
0.700000000000;0.060000000000;-0.151034922127;-0.287316735110;-0.136281812983;0.000000000000;0.000000000000;0.000000000000;0.000000000000
0.700000000000;0.100000000000;-0.088355436948;-0.250000000000;-0.161644563052;0.000000000000;0.000000000000;0.000000000000;0.000000000000
0.700000000000;0.140000000000;0.005535965301;-0.196974845455;-0.202510810756;0.000000000000;0.000000000000;0.000000000000;0.000000000000
0.700000000000;0.180000000000;0.124287781924;-0.131573036947;-0.255860818870;0.000000000000;0.000000000000;0.000000000000;0.000000000000
0.700000000000;0.220000000000;0.260077074691;-0.057904010635;-0.317981085326;0.000000000000;0.000000000000;0.000000000000;0.000000000000
0.700000000000;0.260000000000;0.404099522537;0.019403337620;-0.384696184916;0.000000000000;0.000000000000;0.000000000000;0.000000000000
0.700000000000;0.300000000000;0.547121449140;0.095491502813;-0.451629946328;0.000000000000;0.000000000000;0.000000000000;0.000000000000
0.700000000000;0.340000000000;0.680059134263;0.165579585690;-0.514479548573;0.000000000000;0.000000000000;0.000000000000;0.000000000000
0.700000000000;0.380000000000;0.794549006222;0.225263694239;-0.569285311982;0.000000000000;0.000000000000;0.000000000000;0.000000000000
0.700000000000;0.420000000000;0.883472890221;0.270793656418;-0.612679233803;0.000000000000;0.000000000000;0.000000000000;0.000000000000
0.700000000000;0.460000000000;0.941405318055;0.299308657254;-0.642096660801;0.000000000000;0.000000000000;0.000000000000;0.000000000000
0.700000000000;0.500000000000;0.964954812720;0.309016994375;-0.655937818345;0.000000000000;0.000000000000;0.000000000000;0.000000000000
0.700000000000;0.540000000000;0.952977740417;0.299308657254;-0.653669083162;0.000000000000;0.000000000000;0.000000000000;0.000000000000
0.700000000000;0.580000000000;0.906651355885;0.270793656418;-0.635857699467;0.000000000000;0.000000000000;0.000000000000;0.000000000000
0.700000000000;0.620000000000;0.829401553731;0.225263694239;-0.604137859492;0.000000000000;0.000000000000;0.000000000000;0.000000000000
0.700000000000;0.660000000000;0.726690023185;0.165579585690;-0.561110437495;0.000000000000;0.000000000000;0.000000000000;0.000000000000
0.700000000000;0.700000000000;0.605674407805;0.095491502813;-0.510182904992;0.000000000000;0.000000000000;0.000000000000;0.000000000000
0.700000000000;0.740000000000;0.474763120322;0.019403337620;-0.455359782702;0.000000000000;0.000000000000;0.000000000000;0.000000000000
0.700000000000;0.780000000000;0.343093101418;-0.057904010635;-0.400997112053;0.000000000000;0.000000000000;0.000000000000;0.000000000000
0.700000000000;0.820000000000;0.219963506207;-0.131573036947;-0.351536543153;0.000000000000;0.000000000000;0.000000000000;0.000000000000
0.700000000000;0.860000000000;0.114260531499;-0.196974845455;-0.311235376954;0.000000000000;0.000000000000;0.000000000000;0.000000000000
0.700000000000;0.900000000000;0.033907882314;-0.250000000000;-0.283907882314;0.000000000000;0.000000000000;0.000000000000;0.000000000000
0.700000000000;0.940000000000;-0.014626470160;-0.287316735110;-0.272690264950;0.000000000000;0.000000000000;0.000000000000;0.000000000000
0.700000000000;0.980000000000;-0.026742608108;-0.306580303075;-0.279837694967;0.000000000000;0.000000000000;0.000000000000;0.000000000000
0.740000000000;0.020000000000;-0.028196883319;-0.062295397528;-0.034098514209;0.000000000000;0.000000000000;0.000000000000;0.000000000000
0.740000000000;0.060000000000;-0.022687841396;-0.058381148595;-0.035693307199;0.000000000000;0.000000000000;0.000000000000;0.000000000000
0.740000000000;0.100000000000;-0.009930988296;-0.050798597385;-0.040867609088;0.000000000000;0.000000000000;0.000000000000;0.000000000000
0.740000000000;0.140000000000;0.009161705850;-0.040024183477;-0.049185889327;0.000000000000;0.000000000000;0.000000000000;0.000000000000
0.740000000000;0.180000000000;0.033298336636;-0.026734902922;-0.060033239558;0.000000000000;0.000000000000;0.000000000000;0.000000000000
0.740000000000;0.220000000000;0.060887740621;-0.011765770093;-0.072653510714;0.000000000000;0.000000000000;0.000000000000;0.000000000000
0.740000000000;0.260000000000;0.090139009799;0.003942649343;-0.086196360456;0.000000000000;0.000000000000;0.000000000000;0.000000000000
0.740000000000;0.300000000000;0.119173584291;0.019403337620;-0.099770246670;0.000000000000;0.000000000000;0.000000000000;0.000000000000
0.740000000000;0.340000000000;0.146142870988;0.033644842834;-0.112498028153;0.000000000000;0.000000000000;0.000000000000;0.000000000000
0.740000000000;0.380000000000;0.169343987846;0.045772318836;-0.123571669010;0.000000000000;0.000000000000;0.000000000000;0.000000000000
0.740000000000;0.420000000000;0.187326351112;0.055023751707;-0.132302599405;0.000000000000;0.000000000000;0.000000000000;0.000000000000
0.740000000000;0.460000000000;0.198982399393;0.060817839895;-0.138164559499;0.000000000000;0.000000000000;0.000000000000;0.000000000000
0.740000000000;0.500000000000;0.203616749621;0.062790519529;-0.140826230091;0.000000000000;0.000000000000;0.000000000000;0.000000000000
0.740000000000;0.540000000000;0.200989445635;0.060817839895;-0.140171605741;0.000000000000;0.000000000000;0.000000000000;0.000000000000
0.740000000000;0.580000000000;0.191330610125;0.055023751707;-0.136306858418;0.000000000000;0.000000000000;0.000000000000;0.000000000000
0.740000000000;0.620000000000;0.175325650352;0.045772318836;-0.129553331515;0.000000000000;0.000000000000;0.000000000000;0.000000000000
0.740000000000;0.660000000000;0.154072097090;0.033644842834;-0.120427254255;0.000000000000;0.000000000000;0.000000000000;0.000000000000
0.740000000000;0.700000000000;0.129011074907;0.019403337620;-0.109607737287;0.000000000000;0.000000000000;0.000000000000;0.000000000000
0.740000000000;0.740000000000;0.101838215100;0.003942649343;-0.097895565757;0.000000000000;0.000000000000;0.000000000000;0.000000000000
0.740000000000;0.780000000000;0.074400426293;-0.011765770093;-0.086166196386;0.000000000000;0.000000000000;0.000000000000;0.000000000000
0.740000000000;0.820000000000;0.048586167158;-0.026734902922;-0.075321070080;0.000000000000;0.000000000000;0.000000000000;0.000000000000
0.740000000000;0.860000000000;0.026217356706;-0.040024183477;-0.066241540183;0.000000000000;0.000000000000;0.000000000000;0.000000000000
0.740000000000;0.900000000000;0.008949972234;-0.050798597385;-0.059748569619;0.000000000000;0.000000000000;0.000000000000;0.000000000000
0.740000000000;0.940000000000;-0.001813924550;-0.058381148595;-0.056567224045;0.000000000000;0.000000000000;0.000000000000;0.000000000000
0.740000000000;0.980000000000;-0.005009650812;-0.062295397528;-0.057285746716;0.000000000000;0.000000000000;0.000000000000;0.000000000000
0.780000000000;0.020000000000;0.123986729197;0.185903756952;0.061917027755;0.000000000000;0.000000000000;0.000000000000;0.000000000000
0.780000000000;0.060000000000;0.107682310373;0.174222740197;0.066540429824;0.000000000000;0.000000000000;0.000000000000;0.000000000000
0.780000000000;0.100000000000;0.069724350194;0.151594667928;0.081870317734;0.000000000000;0.000000000000;0.000000000000;0.000000000000
0.780000000000;0.140000000000;0.012829181951;0.119441345148;0.106612163196;0.000000000000;0.000000000000;0.000000000000;0.000000000000
0.780000000000;0.180000000000;-0.059154102128;0.079783083377;0.138937185504;0.000000000000;0.000000000000;0.000000000000;0.000000000000
0.780000000000;0.220000000000;-0.141484638959;0.035111757056;0.176596396015;0.000000000000;0.000000000000;0.000000000000;0.000000000000
0.780000000000;0.260000000000;-0.228827059994;-0.011765770093;0.217061289901;0.000000000000;0.000000000000;0.000000000000;0.000000000000
0.780000000000;0.300000000000;-0.315586363418;-0.057904010635;0.257682352782;0.000000000000;0.000000000000;0.000000000000;0.000000000000
0.780000000000;0.340000000000;-0.396259363796;-0.100403929233;0.295855434562;0.000000000000;0.000000000000;0.000000000000;0.000000000000
0.780000000000;0.380000000000;-0.465780653207;-0.136595099698;0.329185553509;0.000000000000;0.000000000000;0.000000000000;0.000000000000
0.780000000000;0.420000000000;-0.519841359029;-0.164203497687;0.355637861342;0.000000000000;0.000000000000;0.000000000000;0.000000000000
0.780000000000;0.460000000000;-0.555160700221;-0.181494386018;0.373666314203;0.000000000000;0.000000000000;0.000000000000;0.000000000000
0.780000000000;0.500000000000;-0.569693318027;-0.187381314586;0.382312003441;0.000000000000;0.000000000000;0.000000000000;0.000000000000
0.780000000000;0.540000000000;-0.562759400122;-0.181494386018;0.381265014104;0.000000000000;0.000000000000;0.000000000000;0.000000000000
0.780000000000;0.580000000000;-0.535089471439;-0.164203497687;0.370885973752;0.000000000000;0.000000000000;0.000000000000;0.000000000000
0.780000000000;0.620000000000;-0.488781076044;-0.136595099698;0.352185976346;0.000000000000;0.000000000000;0.000000000000;0.000000000000
0.780000000000;0.660000000000;-0.427170066160;-0.100403929233;0.326766136927;0.000000000000;0.000000000000;0.000000000000;0.000000000000
0.780000000000;0.700000000000;-0.354624460052;-0.057904010635;0.296720449417;0.000000000000;0.000000000000;0.000000000000;0.000000000000
0.780000000000;0.740000000000;-0.276273419421;-0.011765770093;0.264507649328;0.000000000000;0.000000000000;0.000000000000;0.000000000000
0.780000000000;0.780000000000;-0.197687397746;0.035111757056;0.232799154801;0.000000000000;0.000000000000;0.000000000000;0.000000000000
0.780000000000;0.820000000000;-0.124527492804;0.079783083377;0.204310576181;0.000000000000;0.000000000000;0.000000000000;0.000000000000
0.780000000000;0.860000000000;-0.062182200837;0.119441345148;0.181623545985;0.000000000000;0.000000000000;0.000000000000;0.000000000000
0.780000000000;0.900000000000;-0.015408474193;0.151594667928;0.167003142121;0.000000000000;0.000000000000;0.000000000000;0.000000000000
0.780000000000;0.940000000000;0.012006170610;0.174222740197;0.162216569587;0.000000000000;0.000000000000;0.000000000000;0.000000000000
0.780000000000;0.980000000000;0.017534293122;0.185903756952;0.168369463831;0.000000000000;0.000000000000;0.000000000000;0.000000000000
0.820000000000;0.020000000000;0.268989364852;0.422421894677;0.153432529825;0.000000000000;0.000000000000;0.000000000000;0.000000000000
0.820000000000;0.060000000000;0.231903738143;0.395879573475;0.163975835332;0.000000000000;0.000000000000;0.000000000000;0.000000000000
0.820000000000;0.100000000000;0.145624620033;0.344462682729;0.198838062696;0.000000000000;0.000000000000;0.000000000000;0.000000000000
0.820000000000;0.140000000000;0.016326150395;0.271401934782;0.255075784387;0.000000000000;0.000000000000;0.000000000000;0.000000000000
0.820000000000;0.180000000000;-0.147243206489;0.181288005126;0.328531211615;0.000000000000;0.000000000000;0.000000000000;0.000000000000
0.820000000000;0.220000000000;-0.334308157046;0.079783083377;0.414091240423;0.000000000000;0.000000000000;0.000000000000;0.000000000000
0.820000000000;0.260000000000;-0.532741926712;-0.026734902922;0.506007023790;0.000000000000;0.000000000000;0.000000000000;0.000000000000
0.820000000000;0.300000000000;-0.729827031118;-0.131573036947;0.598253994172;0.000000000000;0.000000000000;0.000000000000;0.000000000000
0.820000000000;0.340000000000;-0.913053678585;-0.228143953168;0.684909725417;0.000000000000;0.000000000000;0.000000000000;0.000000000000
0.820000000000;0.380000000000;-1.070905655965;-0.310379745757;0.760525910208;0.000000000000;0.000000000000;0.000000000000;0.000000000000
0.820000000000;0.420000000000;-1.193584347335;-0.373113237423;0.820471109912;0.000000000000;0.000000000000;0.000000000000;0.000000000000
0.820000000000;0.460000000000;-1.273625437637;-0.412402652167;0.861222785470;0.000000000000;0.000000000000;0.000000000000;0.000000000000
0.820000000000;0.500000000000;-1.306369617795;-0.425779291565;0.880590326230;0.000000000000;0.000000000000;0.000000000000;0.000000000000
0.820000000000;0.540000000000;-1.290257811623;-0.412402652167;0.877855159456;0.000000000000;0.000000000000;0.000000000000;0.000000000000
0.820000000000;0.580000000000;-1.226932512599;-0.373113237423;0.853819275176;0.000000000000;0.000000000000;0.000000000000;0.000000000000
0.820000000000;0.620000000000;-1.121139056792;-0.310379745757;0.810759311035;0.000000000000;0.000000000000;0.000000000000;0.000000000000
0.820000000000;0.660000000000;-0.980433294171;-0.228143953168;0.752289341003;0.000000000000;0.000000000000;0.000000000000;0.000000000000
0.820000000000;0.700000000000;-0.814714338058;-0.131573036947;0.683141301111;0.000000000000;0.000000000000;0.000000000000;0.000000000000
0.820000000000;0.740000000000;-0.635612029442;-0.026734902922;0.608877126519;0.000000000000;0.000000000000;0.000000000000;0.000000000000
0.820000000000;0.780000000000;-0.455767552387;0.079783083377;0.535550635764;0.000000000000;0.000000000000;0.000000000000;0.000000000000
0.820000000000;0.820000000000;-0.288051202961;0.181288005126;0.469339208086;0.000000000000;0.000000000000;0.000000000000;0.000000000000
0.820000000000;0.860000000000;-0.144762120696;0.271401934782;0.416164055478;0.000000000000;0.000000000000;0.000000000000;0.000000000000
0.820000000000;0.900000000000;-0.036848565213;0.344462682729;0.381311247942;0.000000000000;0.000000000000;0.000000000000;0.000000000000
0.820000000000;0.940000000000;0.026828164542;0.395879573475;0.369051408933;0.000000000000;0.000000000000;0.000000000000;0.000000000000
0.820000000000;0.980000000000;0.040182997565;0.422421894677;0.382238897112;0.000000000000;0.000000000000;0.000000000000;0.000000000000
0.860000000000;0.020000000000;0.397712673734;0.632397711200;0.234685037466;0.000000000000;0.000000000000;0.000000000000;0.000000000000
0.860000000000;0.060000000000;0.342182376714;0.592661837209;0.250479460495;0.000000000000;0.000000000000;0.000000000000;0.000000000000
0.860000000000;0.100000000000;0.213010179175;0.515686840329;0.302676661154;0.000000000000;0.000000000000;0.000000000000;0.000000000000
0.860000000000;0.140000000000;0.019440214009;0.406309342707;0.386869128698;0.000000000000;0.000000000000;0.000000000000;0.000000000000
0.860000000000;0.180000000000;-0.225429209591;0.271401934782;0.496831144373;0.000000000000;0.000000000000;0.000000000000;0.000000000000
0.860000000000;0.220000000000;-0.505465192764;0.119441345148;0.624906537911;0.000000000000;0.000000000000;0.000000000000;0.000000000000
0.860000000000;0.260000000000;-0.802511223492;-0.040024183477;0.762487040015;0.000000000000;0.000000000000;0.000000000000;0.000000000000
0.860000000000;0.300000000000;-1.097526016450;-0.196974845455;0.900551170996;0.000000000000;0.000000000000;0.000000000000;0.000000000000
0.860000000000;0.340000000000;-1.371778661676;-0.341548853470;1.030229808206;0.000000000000;0.000000000000;0.000000000000;0.000000000000
0.860000000000;0.380000000000;-1.608024997632;-0.464662090893;1.143362906740;0.000000000000;0.000000000000;0.000000000000;0.000000000000
0.860000000000;0.420000000000;-1.791591315402;-0.558578900237;1.233012415165;0.000000000000;0.000000000000;0.000000000000;0.000000000000
0.860000000000;0.460000000000;-1.911297340270;-0.617398142970;1.293899197300;0.000000000000;0.000000000000;0.000000000000;0.000000000000
0.860000000000;0.500000000000;-1.960160561562;-0.637423989749;1.322736571813;0.000000000000;0.000000000000;0.000000000000;0.000000000000
0.860000000000;0.540000000000;-1.935837761272;-0.617398142970;1.318439618302;0.000000000000;0.000000000000;0.000000000000;0.000000000000
0.860000000000;0.580000000000;-1.840776171799;-0.558578900237;1.282197271562;0.000000000000;0.000000000000;0.000000000000;0.000000000000
0.860000000000;0.620000000000;-1.682065049612;-0.464662090893;1.217402958719;0.000000000000;0.000000000000;0.000000000000;0.000000000000
0.860000000000;0.660000000000;-1.470997462901;-0.341548853470;1.129448609431;0.000000000000;0.000000000000;0.000000000000;0.000000000000
0.860000000000;0.700000000000;-1.222370611896;-0.196974845455;1.025395766442;0.000000000000;0.000000000000;0.000000000000;0.000000000000
0.860000000000;0.740000000000;-0.953569932994;-0.040024183477;0.913545749517;0.000000000000;0.000000000000;0.000000000000;0.000000000000
0.860000000000;0.780000000000;-0.683496559005;0.119441345148;0.802937904152;0.000000000000;0.000000000000;0.000000000000;0.000000000000
0.860000000000;0.820000000000;-0.431408336271;0.271401934782;0.702810271053;0.000000000000;0.000000000000;0.000000000000;0.000000000000
0.860000000000;0.860000000000;-0.215749734665;0.406309342707;0.622059077372;0.000000000000;0.000000000000;0.000000000000;0.000000000000
0.860000000000;0.900000000000;-0.053040886400;0.515686840329;0.568727726729;0.000000000000;0.000000000000;0.000000000000;0.000000000000
0.860000000000;0.940000000000;0.043133239479;0.592661837209;0.549528597730;0.000000000000;0.000000000000;0.000000000000;0.000000000000
0.860000000000;0.980000000000;0.063081825143;0.632397711200;0.569315886057;0.000000000000;0.000000000000;0.000000000000;0.000000000000
0.900000000000;0.020000000000;0.502074884645;0.802637653733;0.300562769087;0.000000000000;0.000000000000;0.000000000000;0.000000000000
0.900000000000;0.060000000000;0.431593393409;0.752204978054;0.320611584645;0.000000000000;0.000000000000;0.000000000000;0.000000000000
0.900000000000;0.100000000000;0.267648888668;0.654508497187;0.386859608520;0.000000000000;0.000000000000;0.000000000000;0.000000000000
0.900000000000;0.140000000000;0.021974693109;0.515686840329;0.493712147220;0.000000000000;0.000000000000;0.000000000000;0.000000000000
0.900000000000;0.180000000000;-0.288803995139;0.344462682729;0.633266677868;0.000000000000;0.000000000000;0.000000000000;0.000000000000
0.900000000000;0.220000000000;-0.644210274041;0.151594667928;0.795804941970;0.000000000000;0.000000000000;0.000000000000;0.000000000000
0.900000000000;0.260000000000;-1.021198605698;-0.050798597385;0.970400008313;0.000000000000;0.000000000000;0.000000000000;0.000000000000
0.900000000000;0.300000000000;-1.395600147334;-0.250000000000;1.145600147334;0.000000000000;0.000000000000;0.000000000000;0.000000000000
0.900000000000;0.340000000000;-1.743639520154;-0.433492983179;1.310146536974;0.000000000000;0.000000000000;0.000000000000;0.000000000000
0.900000000000;0.380000000000;-2.043427706996;-0.589748007950;1.453679699045;0.000000000000;0.000000000000;0.000000000000;0.000000000000
0.900000000000;0.420000000000;-2.276337275983;-0.708946996440;1.567390279543;0.000000000000;0.000000000000;0.000000000000;0.000000000000
0.900000000000;0.460000000000;-2.428173530438;-0.783600237818;1.644573292620;0.000000000000;0.000000000000;0.000000000000;0.000000000000
0.900000000000;0.500000000000;-2.490068022841;-0.809016994375;1.681051028466;0.000000000000;0.000000000000;0.000000000000;0.000000000000
0.900000000000;0.540000000000;-2.459038341247;-0.783600237818;1.675438103428;0.000000000000;0.000000000000;0.000000000000;0.000000000000
0.900000000000;0.580000000000;-2.338179093388;-0.708946996440;1.629232096948;0.000000000000;0.000000000000;0.000000000000;0.000000000000
0.900000000000;0.620000000000;-2.136472278631;-0.589748007950;1.546724270681;0.000000000000;0.000000000000;0.000000000000;0.000000000000
0.900000000000;0.660000000000;-1.868229337167;-0.433492983179;1.434736353987;0.000000000000;0.000000000000;0.000000000000;0.000000000000
0.900000000000;0.700000000000;-1.552200689587;-0.250000000000;1.302200689587;0.000000000000;0.000000000000;0.000000000000;0.000000000000
0.900000000000;0.740000000000;-1.210410281555;-0.050798597385;1.159611684170;0.000000000000;0.000000000000;0.000000000000;0.000000000000
0.900000000000;0.780000000000;-0.866791677097;0.151594667928;1.018386345025;0.000000000000;0.000000000000;0.000000000000;0.000000000000
0.900000000000;0.820000000000;-0.545718514947;0.344462682729;0.890181197676;0.000000000000;0.000000000000;0.000000000000;0.000000000000
0.900000000000;0.860000000000;-0.270536831264;0.515686840329;0.786223671593;0.000000000000;0.000000000000;0.000000000000;0.000000000000
0.900000000000;0.900000000000;-0.062222114292;0.654508497187;0.716730611480;0.000000000000;0.000000000000;0.000000000000;0.000000000000
0.900000000000;0.940000000000;0.061703214815;0.752204978054;0.690501763239;0.000000000000;0.000000000000;0.000000000000;0.000000000000
0.900000000000;0.980000000000;0.087898674573;0.802637653733;0.714738979159;0.000000000000;0.000000000000;0.000000000000;0.000000000000
0.940000000000;0.020000000000;0.575520620460;0.922444920586;0.346924300126;0.000000000000;0.000000000000;0.000000000000;0.000000000000
0.940000000000;0.060000000000;0.494518736982;0.864484313711;0.369965576728;0.000000000000;0.000000000000;0.000000000000;0.000000000000
0.940000000000;0.100000000000;0.306104988682;0.752204978054;0.446099989372;0.000000000000;0.000000000000;0.000000000000;0.000000000000
0.940000000000;0.140000000000;0.023764569820;0.592661837209;0.568897267389;0.000000000000;0.000000000000;0.000000000000;0.000000000000
0.940000000000;0.180000000000;-0.333395136270;0.395879573475;0.729274709746;0.000000000000;0.000000000000;0.000000000000;0.000000000000
0.940000000000;0.220000000000;-0.741839956674;0.174222740197;0.916062696870;0.000000000000;0.000000000000;0.000000000000;0.000000000000
0.940000000000;0.260000000000;-1.175083468697;-0.058381148595;1.116702320102;0.000000000000;0.000000000000;0.000000000000;0.000000000000
0.940000000000;0.300000000000;-1.605348005191;-0.287316735110;1.318031270081;0.000000000000;0.000000000000;0.000000000000;0.000000000000
0.940000000000;0.340000000000;-2.005307735067;-0.498199154480;1.507108580586;0.000000000000;0.000000000000;0.000000000000;0.000000000000
0.940000000000;0.380000000000;-2.349804271263;-0.677777888727;1.672026382536;0.000000000000;0.000000000000;0.000000000000;0.000000000000
0.940000000000;0.420000000000;-2.617426982668;-0.814769345532;1.802657637136;0.000000000000;0.000000000000;0.000000000000;0.000000000000
0.940000000000;0.460000000000;-2.791858683450;-0.900565847845;1.891292835605;0.000000000000;0.000000000000;0.000000000000;0.000000000000
0.940000000000;0.500000000000;-2.862902108145;-0.929776485888;1.933125622256;0.000000000000;0.000000000000;0.000000000000;0.000000000000
0.940000000000;0.540000000000;-2.827122626813;-0.900565847845;1.926556778968;0.000000000000;0.000000000000;0.000000000000;0.000000000000
0.940000000000;0.580000000000;-2.688066751197;-0.814769345532;1.873297405665;0.000000000000;0.000000000000;0.000000000000;0.000000000000
0.940000000000;0.620000000000;-2.456042617045;-0.677777888727;1.778264728319;0.000000000000;0.000000000000;0.000000000000;0.000000000000
0.940000000000;0.660000000000;-2.147476134213;-0.498199154480;1.649276979733;0.000000000000;0.000000000000;0.000000000000;0.000000000000
0.940000000000;0.700000000000;-1.783883179357;-0.287316735110;1.496566444247;0.000000000000;0.000000000000;0.000000000000;0.000000000000
0.940000000000;0.740000000000;-1.390522504240;-0.058381148595;1.332141355644;0.000000000000;0.000000000000;0.000000000000;0.000000000000
0.940000000000;0.780000000000;-0.994814807056;0.174222740197;1.169037547253;0.000000000000;0.000000000000;0.000000000000;0.000000000000
0.940000000000;0.820000000000;-0.624630674001;0.395879573475;1.020510247477;0.000000000000;0.000000000000;0.000000000000;0.000000000000
0.940000000000;0.860000000000;-0.306567308363;0.592661837209;0.899229145573;0.000000000000;0.000000000000;0.000000000000;0.000000000000
0.940000000000;0.900000000000;-0.064366239343;0.752204978054;0.816571217397;0.000000000000;0.000000000000;0.000000000000;0.000000000000
0.940000000000;0.940000000000;0.082271033464;0.864484313711;0.782213280246;0.000000000000;0.000000000000;0.000000000000;0.000000000000
0.940000000000;0.980000000000;0.117816956531;0.922444920586;0.804627964056;0.000000000000;0.000000000000;0.000000000000;0.000000000000
0.980000000000;0.020000000000;0.613434909218;0.984291580564;0.370856671346;0.000000000000;0.000000000000;0.000000000000;0.000000000000
0.980000000000;0.060000000000;0.527002720979;0.922444920586;0.395442199608;0.000000000000;0.000000000000;0.000000000000;0.000000000000
0.980000000000;0.100000000000;0.325958138401;0.802637653733;0.476679515332;0.000000000000;0.000000000000;0.000000000000;0.000000000000
0.980000000000;0.140000000000;0.024690733517;0.632397711200;0.607706977683;0.000000000000;0.000000000000;0.000000000000;0.000000000000
0.980000000000;0.180000000000;-0.356410722219;0.422421894677;0.778832616896;0.000000000000;0.000000000000;0.000000000000;0.000000000000
0.980000000000;0.220000000000;-0.792233785379;0.185903756952;0.978137542331;0.000000000000;0.000000000000;0.000000000000;0.000000000000
0.980000000000;0.260000000000;-1.254515716473;-0.062295397528;1.192220318945;0.000000000000;0.000000000000;0.000000000000;0.000000000000
0.980000000000;0.300000000000;-1.713615812764;-0.306580303075;1.407035509688;0.000000000000;0.000000000000;0.000000000000;0.000000000000
0.980000000000;0.340000000000;-2.140375303725;-0.531601640657;1.608773663068;0.000000000000;0.000000000000;0.000000000000;0.000000000000
0.980000000000;0.380000000000;-2.507947908862;-0.723220492062;1.784727416800;0.000000000000;0.000000000000;0.000000000000;0.000000000000
0.980000000000;0.420000000000;-2.793485992786;-0.869396740132;1.924089252654;0.000000000000;0.000000000000;0.000000000000;0.000000000000
0.980000000000;0.460000000000;-2.979576311105;-0.960945593601;2.018630717504;0.000000000000;0.000000000000;0.000000000000;0.000000000000
0.980000000000;0.500000000000;-3.055335049319;-0.992114701314;2.063220348005;0.000000000000;0.000000000000;0.000000000000;0.000000000000
0.980000000000;0.540000000000;-3.017093220897;-0.960945593601;2.056147627296;0.000000000000;0.000000000000;0.000000000000;0.000000000000
0.980000000000;0.580000000000;-2.868629153423;-0.869396740132;1.999232413292;0.000000000000;0.000000000000;0.000000000000;0.000000000000
0.980000000000;0.620000000000;-2.620933112936;-0.723220492062;1.897712620874;0.000000000000;0.000000000000;0.000000000000;0.000000000000
0.980000000000;0.660000000000;-2.291518260508;-0.531601640657;1.759916619851;0.000000000000;0.000000000000;0.000000000000;0.000000000000
0.980000000000;0.700000000000;-1.903320149652;-0.306580303075;1.596739846577;0.000000000000;0.000000000000;0.000000000000;0.000000000000
0.980000000000;0.740000000000;-1.483251823413;-0.062295397528;1.420956425884;0.000000000000;0.000000000000;0.000000000000;0.000000000000
0.980000000000;0.780000000000;-1.060501030655;0.185903756952;1.246404787607;0.000000000000;0.000000000000;0.000000000000;0.000000000000
0.980000000000;0.820000000000;-0.664667213314;0.422421894677;1.087089107991;0.000000000000;0.000000000000;0.000000000000;0.000000000000
0.980000000000;0.860000000000;-0.323833274354;0.632397711200;0.956230985554;0.000000000000;0.000000000000;0.000000000000;0.000000000000
0.980000000000;0.900000000000;-0.062636843723;0.802637653733;0.865274497456;0.000000000000;0.000000000000;0.000000000000;0.000000000000
0.980000000000;0.940000000000;0.099694560210;0.922444920586;0.822750360376;0.000000000000;0.000000000000;0.000000000000;0.000000000000
0.980000000000;0.980000000000;0.151692132558;0.984291580564;0.832599448006;0.000000000000;0.000000000000;0.000000000000;0.000000000000
