Tabela de valores para implementação com 1000 subintervalos
Tempo de execução = 0.000111000000 seg.

x_i;w_i;y_i;|e_a|;
0.000000000000;0.000000000000;0.000000000000;0.000000000000;
0.000999000999;0.000995900413;0.000999000999;0.000003100586;
0.001998001998;0.001994939412;0.001998001998;0.000003062586;
0.002997002997;0.002993978688;0.002997002997;0.000003024309;
0.003996003996;0.003993018199;0.003996003996;0.000002985797;
0.004995004995;0.004992057911;0.004995004995;0.000002947084;
0.005994005994;0.005991097787;0.005994005994;0.000002908207;
0.006993006993;0.006990137796;0.006993006993;0.000002869197;
0.007992007992;0.007989177908;0.007992007992;0.000002830084;
0.008991008991;0.008988218096;0.008991008991;0.000002790895;
0.009990009990;0.009987258333;0.009990009990;0.000002751657;
0.010989010989;0.010986298596;0.010989010989;0.000002712393;
0.011988011988;0.011985338864;0.011988011988;0.000002673124;
0.012987012987;0.012984379115;0.012987012987;0.000002633872;
0.013986013986;0.013983419331;0.013986013986;0.000002594655;
0.014985014985;0.014982459496;0.014985014985;0.000002555489;
0.015984015984;0.015981499595;0.015984015984;0.000002516389;
0.016983016983;0.016980539612;0.016983016983;0.000002477371;
0.017982017982;0.017979579536;0.017982017982;0.000002438446;
0.018981018981;0.018978619356;0.018981018981;0.000002399625;
0.019980019980;0.019977659061;0.019980019980;0.000002360919;
0.020979020979;0.020976698642;0.020979020979;0.000002322337;
0.021978021978;0.021975738091;0.021978021978;0.000002283887;
0.022977022977;0.022974777402;0.022977022977;0.000002245575;
0.023976023976;0.023973816569;0.023976023976;0.000002207407;
0.024975024975;0.024972855586;0.024975024975;0.000002169389;
0.025974025974;0.025971894449;0.025974025974;0.000002131525;
0.026973026973;0.026970933156;0.026973026973;0.000002093817;
0.027972027972;0.027969971702;0.027972027972;0.000002056270;
0.028971028971;0.028969010088;0.028971028971;0.000002018883;
0.029970029970;0.029968048310;0.029970029970;0.000001981660;
0.030969030969;0.030967086369;0.030969030969;0.000001944600;
0.031968031968;0.031966124265;0.031968031968;0.000001907703;
0.032967032967;0.032965161998;0.032967032967;0.000001870969;
0.033966033966;0.033964199568;0.033966033966;0.000001834398;
0.034965034965;0.034963236979;0.034965034965;0.000001797986;
0.035964035964;0.035962274231;0.035964035964;0.000001761733;
0.036963036963;0.036961311328;0.036963036963;0.000001725635;
0.037962037962;0.037960348271;0.037962037962;0.000001689691;
0.038961038961;0.038959385065;0.038961038961;0.000001653896;
0.039960039960;0.039958421712;0.039960039960;0.000001618248;
0.040959040959;0.040957458216;0.040959040959;0.000001582743;
0.041958041958;0.041956494583;0.041958041958;0.000001547376;
0.042957042957;0.042955530815;0.042957042957;0.000001512142;
0.043956043956;0.043954566918;0.043956043956;0.000001477038;
0.044955044955;0.044953602897;0.044955044955;0.000001442058;
0.045954045954;0.045952638757;0.045954045954;0.000001407197;
0.046953046953;0.046951674503;0.046953046953;0.000001372450;
0.047952047952;0.047950710141;0.047952047952;0.000001337811;
0.048951048951;0.048949745677;0.048951048951;0.000001303274;
0.049950049950;0.049948781117;0.049950049950;0.000001268833;
0.050949050949;0.050947816466;0.050949050949;0.000001234483;
0.051948051948;0.051946851731;0.051948051948;0.000001200217;
0.052947052947;0.052945886919;0.052947052947;0.000001166028;
0.053946053946;0.053944922035;0.053946053946;0.000001131911;
0.054945054945;0.054943957087;0.054945054945;0.000001097858;
0.055944055944;0.055942992080;0.055944055944;0.000001063864;
0.056943056943;0.056942027023;0.056943056943;0.000001029920;
0.057942057942;0.057941061920;0.057942057942;0.000000996022;
0.058941058941;0.058940096780;0.058941058941;0.000000962161;
0.059940059940;0.059939131610;0.059940059940;0.000000928330;
0.060939060939;0.060938166415;0.060939060939;0.000000894524;
0.061938061938;0.061937201204;0.061938061938;0.000000860734;
0.062937062937;0.062936235983;0.062937062937;0.000000826954;
0.063936063936;0.063935270759;0.063936063936;0.000000793177;
0.064935064935;0.064934305540;0.064935064935;0.000000759395;
0.065934065934;0.065933340331;0.065934065934;0.000000725603;
0.066933066933;0.066932375141;0.066933066933;0.000000691792;
0.067932067932;0.067931409977;0.067932067932;0.000000657955;
0.068931068931;0.068930444844;0.068931068931;0.000000624087;
0.069930069930;0.069929479751;0.069930069930;0.000000590179;
0.070929070929;0.070928514703;0.070929070929;0.000000556226;
0.071928071928;0.071927549708;0.071928071928;0.000000522220;
0.072927072927;0.072926584773;0.072927072927;0.000000488154;
0.073926073926;0.073925619904;0.073926073926;0.000000454022;
0.074925074925;0.074924655107;0.074925074925;0.000000419818;
0.075924075924;0.075923690389;0.075924075924;0.000000385535;
0.076923076923;0.076922725757;0.076923076923;0.000000351166;
0.077922077922;0.077921761217;0.077922077922;0.000000316706;
0.078921078921;0.078920796774;0.078921078921;0.000000282148;
0.079920079920;0.079919832434;0.079920079920;0.000000247486;
0.080919080919;0.080918868204;0.080919080919;0.000000212715;
0.081918081918;0.081917904088;0.081918081918;0.000000177830;
0.082917082917;0.082916940093;0.082917082917;0.000000142824;
0.083916083916;0.083915976223;0.083916083916;0.000000107693;
0.084915084915;0.084915012483;0.084915084915;0.000000072432;
0.085914085914;0.085914048878;0.085914085914;0.000000037036;
0.086913086913;0.086913085412;0.086913086913;0.000000001501;
0.087912087912;0.087912122090;0.087912087912;0.000000034178;
0.088911088911;0.088911158915;0.088911088911;0.000000070004;
0.089910089910;0.089910195890;0.089910089910;0.000000105980;
0.090909090909;0.090909233019;0.090909090909;0.000000142110;
0.091908091908;0.091908270305;0.091908091908;0.000000178397;
0.092907092907;0.092907307749;0.092907092907;0.000000214842;
0.093906093906;0.093906345354;0.093906093906;0.000000251448;
0.094905094905;0.094905383121;0.094905094905;0.000000288216;
0.095904095904;0.095904421051;0.095904095904;0.000000325147;
0.096903096903;0.096903459144;0.096903096903;0.000000362241;
0.097902097902;0.097902497401;0.097902097902;0.000000399499;
0.098901098901;0.098901535821;0.098901098901;0.000000436919;
0.099900099900;0.099900574401;0.099900099900;0.000000474501;
0.100899100899;0.100899613141;0.100899100899;0.000000512242;
0.101898101898;0.101898652037;0.101898101898;0.000000550139;
0.102897102897;0.102897691086;0.102897102897;0.000000588189;
0.103896103896;0.103896730283;0.103896103896;0.000000626387;
0.104895104895;0.104895769624;0.104895104895;0.000000664729;
0.105894105894;0.105894809101;0.105894105894;0.000000703207;
0.106893106893;0.106893848709;0.106893106893;0.000000741816;
0.107892107892;0.107892888439;0.107892107892;0.000000780547;
0.108891108891;0.108891928282;0.108891108891;0.000000819390;
0.109890109890;0.109890968226;0.109890109890;0.000000858336;
0.110889110889;0.110890008262;0.110889110889;0.000000897373;
0.111888111888;0.111889048376;0.111888111888;0.000000936488;
0.112887112887;0.112888088553;0.112887112887;0.000000975666;
0.113886113886;0.113887128778;0.113886113886;0.000001014892;
0.114885114885;0.114886169034;0.114885114885;0.000001054149;
0.115884115884;0.115885209302;0.115884115884;0.000001093418;
0.116883116883;0.116884249562;0.116883116883;0.000001132679;
0.117882117882;0.117883289791;0.117882117882;0.000001171909;
0.118881118881;0.118882329965;0.118881118881;0.000001211084;
0.119880119880;0.119881370058;0.119880119880;0.000001250178;
0.120879120879;0.120880410042;0.120879120879;0.000001289162;
0.121878121878;0.121879449886;0.121878121878;0.000001328008;
0.122877122877;0.122878489558;0.122877122877;0.000001366681;
0.123876123876;0.123877529023;0.123876123876;0.000001405147;
0.124875124875;0.124876568244;0.124875124875;0.000001443369;
0.125874125874;0.125875607180;0.125874125874;0.000001481306;
0.126873126873;0.126874645788;0.126873126873;0.000001518915;
0.127872127872;0.127873684024;0.127872127872;0.000001556152;
0.128871128871;0.128872721839;0.128871128871;0.000001592968;
0.129870129870;0.129871759180;0.129870129870;0.000001629310;
0.130869130869;0.130870795995;0.130869130869;0.000001665125;
0.131868131868;0.131869832224;0.131868131868;0.000001700356;
0.132867132867;0.132868867806;0.132867132867;0.000001734939;
0.133866133866;0.133867902678;0.133866133866;0.000001768812;
0.134865134865;0.134866936771;0.134865134865;0.000001801906;
0.135864135864;0.135865970013;0.135864135864;0.000001834149;
0.136863136863;0.136865002330;0.136863136863;0.000001865467;
0.137862137862;0.137864033642;0.137862137862;0.000001895780;
0.138861138861;0.138863063866;0.138861138861;0.000001925005;
0.139860139860;0.139862092917;0.139860139860;0.000001953057;
0.140859140859;0.140861120704;0.140859140859;0.000001979845;
0.141858141858;0.141860147134;0.141858141858;0.000002005276;
0.142857142857;0.142859172108;0.142857142857;0.000002029251;
0.143856143856;0.143858195527;0.143856143856;0.000002051671;
0.144855144855;0.144857217286;0.144855144855;0.000002072431;
0.145854145854;0.145856237278;0.145854145854;0.000002091424;
0.146853146853;0.146855255391;0.146853146853;0.000002108537;
0.147852147852;0.147854271511;0.147852147852;0.000002123659;
0.148851148851;0.148853285524;0.148851148851;0.000002136673;
0.149850149850;0.149852297311;0.149850149850;0.000002147461;
0.150849150849;0.150851306751;0.150849150849;0.000002155902;
0.151848151848;0.151850313724;0.151848151848;0.000002161876;
0.152847152847;0.152849318106;0.152847152847;0.000002165259;
0.153846153846;0.153848319775;0.153846153846;0.000002165929;
0.154845154845;0.154847318610;0.154845154845;0.000002163765;
0.155844155844;0.155846314488;0.155844155844;0.000002158644;
0.156843156843;0.156845307291;0.156843156843;0.000002150448;
0.157842157842;0.157844296903;0.157842157842;0.000002139060;
0.158841158841;0.158843283209;0.158841158841;0.000002124368;
0.159840159840;0.159842266102;0.159840159840;0.000002106262;
0.160839160839;0.160841245480;0.160839160839;0.000002084641;
0.161838161838;0.161840221246;0.161838161838;0.000002059408;
0.162837162837;0.162839193313;0.162837162837;0.000002030476;
0.163836163836;0.163838161602;0.163836163836;0.000001997766;
0.164835164835;0.164837126044;0.164835164835;0.000001961209;
0.165834165834;0.165836086583;0.165834165834;0.000001920749;
0.166833166833;0.166835043174;0.166833166833;0.000001876341;
0.167832167832;0.167833995787;0.167832167832;0.000001827955;
0.168831168831;0.168832944407;0.168831168831;0.000001775576;
0.169830169830;0.169831889037;0.169830169830;0.000001719207;
0.170829170829;0.170830829694;0.170829170829;0.000001658865;
0.171828171828;0.171829766417;0.171828171828;0.000001594589;
0.172827172827;0.172828699262;0.172827172827;0.000001526434;
0.173826173826;0.173827628305;0.173826173826;0.000001454478;
0.174825174825;0.174826553643;0.174825174825;0.000001378818;
0.175824175824;0.175825475396;0.175824175824;0.000001299572;
0.176823176823;0.176824393701;0.176823176823;0.000001216878;
0.177822177822;0.177823308720;0.177822177822;0.000001130897;
0.178821178821;0.178822220632;0.178821178821;0.000001041811;
0.179820179820;0.179821129641;0.179820179820;0.000000949820;
0.180819180819;0.180820035965;0.180819180819;0.000000855146;
0.181818181818;0.181818939845;0.181818181818;0.000000758027;
0.182817182817;0.182817841538;0.182817182817;0.000000658720;
0.183816183816;0.183816741314;0.183816183816;0.000000557498;
0.184815184815;0.184815639462;0.184815184815;0.000000454647;
0.185814185814;0.185814536278;0.185814185814;0.000000350464;
0.186813186813;0.186813432073;0.186813186813;0.000000245260;
0.187812187812;0.187812327161;0.187812187812;0.000000139349;
0.188811188811;0.188811221865;0.188811188811;0.000000033053;
0.189810189810;0.189810116509;0.189810189810;0.000000073302;
0.190809190809;0.190809011418;0.190809190809;0.000000179392;
0.191808191808;0.191807906915;0.191808191808;0.000000284893;
0.192807192807;0.192806803319;0.192807192807;0.000000389488;
0.193806193806;0.193805700941;0.193806193806;0.000000492865;
0.194805194805;0.194804600084;0.194805194805;0.000000594721;
0.195804195804;0.195803501039;0.195804195804;0.000000694765;
0.196803196803;0.196802404083;0.196803196803;0.000000792720;
0.197802197802;0.197801309479;0.197802197802;0.000000888323;
0.198801198801;0.198800217473;0.198801198801;0.000000981329;
0.199800199800;0.199799128292;0.199800199800;0.000001071509;
0.200799200799;0.200798042145;0.200799200799;0.000001158654;
0.201798201798;0.201796959220;0.201798201798;0.000001242578;
0.202797202797;0.202795879687;0.202797202797;0.000001323110;
0.203796203796;0.203794803690;0.203796203796;0.000001400106;
0.204795204795;0.204793731357;0.204795204795;0.000001473438;
0.205794205794;0.205792662793;0.205794205794;0.000001543002;
0.206793206793;0.206791598080;0.206793206793;0.000001608713;
0.207792207792;0.207790537284;0.207792207792;0.000001670508;
0.208791208791;0.208789480448;0.208791208791;0.000001728343;
0.209790209790;0.209788427598;0.209790209790;0.000001782192;
0.210789210789;0.210787378743;0.210789210789;0.000001832047;
0.211788211788;0.211786333872;0.211788211788;0.000001877916;
0.212787212787;0.212785292962;0.212787212787;0.000001919825;
0.213786213786;0.213784255973;0.213786213786;0.000001957813;
0.214785214785;0.214783222853;0.214785214785;0.000001991932;
0.215784215784;0.215782193538;0.215784215784;0.000002022246;
0.216783216783;0.216781167952;0.216783216783;0.000002048831;
0.217782217782;0.217780146011;0.217782217782;0.000002071771;
0.218781218781;0.218779127622;0.218781218781;0.000002091159;
0.219780219780;0.219778112684;0.219780219780;0.000002107096;
0.220779220779;0.220777101092;0.220779220779;0.000002119687;
0.221778221778;0.221776092734;0.221778221778;0.000002129045;
0.222777222777;0.222775087494;0.222777222777;0.000002135284;
0.223776223776;0.223774085254;0.223776223776;0.000002138522;
0.224775224775;0.224773085894;0.224775224775;0.000002138881;
0.225774225774;0.225772089292;0.225774225774;0.000002136482;
0.226773226773;0.226771095325;0.226773226773;0.000002131448;
0.227772227772;0.227770103871;0.227772227772;0.000002123901;
0.228771228771;0.228769114808;0.228771228771;0.000002113963;
0.229770229770;0.229768128015;0.229770229770;0.000002101755;
0.230769230769;0.230767143374;0.230769230769;0.000002087395;
0.231768231768;0.231766160767;0.231768231768;0.000002071001;
0.232767232767;0.232765180080;0.232767232767;0.000002052688;
0.233766233766;0.233764201201;0.233766233766;0.000002032566;
0.234765234765;0.234763224021;0.234765234765;0.000002010744;
0.235764235764;0.235762248435;0.235764235764;0.000001987329;
0.236763236763;0.236761274341;0.236763236763;0.000001962423;
0.237762237762;0.237760301639;0.237762237762;0.000001936123;
0.238761238761;0.238759330235;0.238761238761;0.000001908526;
0.239760239760;0.239758360038;0.239760239760;0.000001879722;
0.240759240759;0.240757390959;0.240759240759;0.000001849800;
0.241758241758;0.241756422915;0.241758241758;0.000001818843;
0.242757242757;0.242755455826;0.242757242757;0.000001786931;
0.243756243756;0.243754489614;0.243756243756;0.000001754142;
0.244755244755;0.244753524207;0.244755244755;0.000001720548;
0.245754245754;0.245752559536;0.245754245754;0.000001686218;
0.246753246753;0.246751595534;0.246753246753;0.000001651219;
0.247752247752;0.247750632140;0.247752247752;0.000001615612;
0.248751248751;0.248749669294;0.248751248751;0.000001579457;
0.249750249750;0.249748706941;0.249750249750;0.000001542809;
0.250749250749;0.250747745027;0.250749250749;0.000001505722;
0.251748251748;0.251746783504;0.251748251748;0.000001468244;
0.252747252747;0.252745822325;0.252747252747;0.000001430422;
0.253746253746;0.253744861445;0.253746253746;0.000001392301;
0.254745254745;0.254743900825;0.254745254745;0.000001353920;
0.255744255744;0.255742940425;0.255744255744;0.000001315319;
0.256743256743;0.256741980210;0.256743256743;0.000001276533;
0.257742257742;0.257741020146;0.257742257742;0.000001237596;
0.258741258741;0.258740060202;0.258741258741;0.000001198539;
0.259740259740;0.259739100349;0.259740259740;0.000001159391;
0.260739260739;0.260738140561;0.260739260739;0.000001120178;
0.261738261738;0.261737180812;0.261738261738;0.000001080926;
0.262737262737;0.262736221079;0.262737262737;0.000001041658;
0.263736263736;0.263735261342;0.263736263736;0.000001002394;
0.264735264735;0.264734301581;0.264735264735;0.000000963154;
0.265734265734;0.265733341778;0.265734265734;0.000000923957;
0.266733266733;0.266732381916;0.266733266733;0.000000884817;
0.267732267732;0.267731421982;0.267732267732;0.000000845750;
0.268731268731;0.268730461962;0.268731268731;0.000000806769;
0.269730269730;0.269729501844;0.269730269730;0.000000767887;
0.270729270729;0.270728541616;0.270729270729;0.000000729113;
0.271728271728;0.271727581270;0.271728271728;0.000000690459;
0.272727272727;0.272726620796;0.272727272727;0.000000651931;
0.273726273726;0.273725660188;0.273726273726;0.000000613538;
0.274725274725;0.274724699439;0.274725274725;0.000000575286;
0.275724275724;0.275723738543;0.275724275724;0.000000537181;
0.276723276723;0.276722777496;0.276723276723;0.000000499228;
0.277722277722;0.277721816293;0.277722277722;0.000000461429;
0.278721278721;0.278720854933;0.278721278721;0.000000423789;
0.279720279720;0.279719893412;0.279720279720;0.000000386309;
0.280719280719;0.280718931728;0.280719280719;0.000000348991;
0.281718281718;0.281717969882;0.281718281718;0.000000311836;
0.282717282717;0.282717007872;0.282717282717;0.000000274845;
0.283716283716;0.283716045699;0.283716283716;0.000000238017;
0.284715284715;0.284715083364;0.284715284715;0.000000201352;
0.285714285714;0.285714120867;0.285714285714;0.000000164847;
0.286713286713;0.286713158210;0.286713286713;0.000000128503;
0.287712287712;0.287712195397;0.287712287712;0.000000092315;
0.288711288711;0.288711232428;0.288711288711;0.000000056283;
0.289710289710;0.289710269308;0.289710289710;0.000000020402;
0.290709290709;0.290709306039;0.290709290709;0.000000015330;
0.291708291708;0.291708342626;0.291708291708;0.000000050918;
0.292707292707;0.292707379072;0.292707292707;0.000000086365;
0.293706293706;0.293706415381;0.293706293706;0.000000121675;
0.294705294705;0.294705451558;0.294705294705;0.000000156853;
0.295704295704;0.295704487609;0.295704295704;0.000000191904;
0.296703296703;0.296703523537;0.296703296703;0.000000226834;
0.297702297702;0.297702559348;0.297702297702;0.000000261646;
0.298701298701;0.298701595048;0.298701298701;0.000000296347;
0.299700299700;0.299700630643;0.299700299700;0.000000330942;
0.300699300699;0.300699666137;0.300699300699;0.000000365438;
0.301698301698;0.301698701538;0.301698301698;0.000000399840;
0.302697302697;0.302697736851;0.302697302697;0.000000434154;
0.303696303696;0.303696772083;0.303696303696;0.000000468387;
0.304695304695;0.304695807240;0.304695304695;0.000000502544;
0.305694305694;0.305694842328;0.305694305694;0.000000536634;
0.306693306693;0.306693877354;0.306693306693;0.000000570661;
0.307692307692;0.307692912325;0.307692307692;0.000000604633;
0.308691308691;0.308691947248;0.308691308691;0.000000638557;
0.309690309690;0.309690982129;0.309690309690;0.000000672439;
0.310689310689;0.310690016975;0.310689310689;0.000000706286;
0.311688311688;0.311689051794;0.311688311688;0.000000740105;
0.312687312687;0.312688086591;0.312687312687;0.000000773904;
0.313686313686;0.313687121375;0.313686313686;0.000000807689;
0.314685314685;0.314686156152;0.314685314685;0.000000841467;
0.315684315684;0.315685190929;0.315684315684;0.000000875245;
0.316683316683;0.316684225714;0.316683316683;0.000000909030;
0.317682317682;0.317683260512;0.317682317682;0.000000942830;
0.318681318681;0.318682295332;0.318681318681;0.000000976651;
0.319680319680;0.319681330180;0.319680319680;0.000001010500;
0.320679320679;0.320680365063;0.320679320679;0.000001044384;
0.321678321678;0.321679399988;0.321678321678;0.000001078310;
0.322677322677;0.322678434962;0.322677322677;0.000001112284;
0.323676323676;0.323677469991;0.323676323676;0.000001146315;
0.324675324675;0.324676505083;0.324675324675;0.000001180408;
0.325674325674;0.325675540243;0.325674325674;0.000001214569;
0.326673326673;0.326674575479;0.326673326673;0.000001248806;
0.327672327672;0.327673610797;0.327672327672;0.000001283125;
0.328671328671;0.328672646203;0.328671328671;0.000001317531;
0.329670329670;0.329671681702;0.329670329670;0.000001352032;
0.330669330669;0.330670717302;0.330669330669;0.000001386633;
0.331668331668;0.331669753008;0.331668331668;0.000001421340;
0.332667332667;0.332668788825;0.332667332667;0.000001456158;
0.333666333666;0.333667824760;0.333666333666;0.000001491094;
0.334665334665;0.334666860817;0.334665334665;0.000001526152;
0.335664335664;0.335665897001;0.335664335664;0.000001561337;
0.336663336663;0.336664933318;0.336663336663;0.000001596654;
0.337662337662;0.337663969771;0.337662337662;0.000001632108;
0.338661338661;0.338663006365;0.338661338661;0.000001667704;
0.339660339660;0.339662043104;0.339660339660;0.000001703444;
0.340659340659;0.340661079992;0.340659340659;0.000001739332;
0.341658341658;0.341660117031;0.341658341658;0.000001775373;
0.342657342657;0.342659154226;0.342657342657;0.000001811569;
0.343656343656;0.343658191578;0.343656343656;0.000001847922;
0.344655344655;0.344657229090;0.344655344655;0.000001884435;
0.345654345654;0.345656266763;0.345654345654;0.000001921109;
0.346653346653;0.346655304599;0.346653346653;0.000001957945;
0.347652347652;0.347654342597;0.347652347652;0.000001994945;
0.348651348651;0.348653380760;0.348651348651;0.000002032108;
0.349650349650;0.349652419085;0.349650349650;0.000002069435;
0.350649350649;0.350651457573;0.350649350649;0.000002106923;
0.351648351648;0.351650496221;0.351648351648;0.000002144572;
0.352647352647;0.352649535027;0.352647352647;0.000002182379;
0.353646353646;0.353648573987;0.353646353646;0.000002220341;
0.354645354645;0.354647613099;0.354645354645;0.000002258454;
0.355644355644;0.355646652358;0.355644355644;0.000002296713;
0.356643356643;0.356645691757;0.356643356643;0.000002335114;
0.357642357642;0.357644731291;0.357642357642;0.000002373648;
0.358641358641;0.358643770951;0.358641358641;0.000002412309;
0.359640359640;0.359642810729;0.359640359640;0.000002451089;
0.360639360639;0.360641850616;0.360639360639;0.000002489977;
0.361638361638;0.361640890601;0.361638361638;0.000002528962;
0.362637362637;0.362639930671;0.362637362637;0.000002568034;
0.363636363636;0.363638970813;0.363636363636;0.000002607177;
0.364635364635;0.364638011013;0.364635364635;0.000002646377;
0.365634365634;0.365637051253;0.365634365634;0.000002685619;
0.366633366633;0.366636091517;0.366633366633;0.000002724883;
0.367632367632;0.367635131784;0.367632367632;0.000002764151;
0.368631368631;0.368634172033;0.368631368631;0.000002803402;
0.369630369630;0.369633212242;0.369630369630;0.000002842612;
0.370629370629;0.370632252385;0.370629370629;0.000002881756;
0.371628371628;0.371631292436;0.371628371628;0.000002920807;
0.372627372627;0.372630332365;0.372627372627;0.000002959737;
0.373626373626;0.373629372140;0.373626373626;0.000002998514;
0.374625374625;0.374628411730;0.374625374625;0.000003037104;
0.375624375624;0.375627451097;0.375624375624;0.000003075472;
0.376623376623;0.376626490202;0.376623376623;0.000003113579;
0.377622377622;0.377625529006;0.377622377622;0.000003151383;
0.378621378621;0.378624567463;0.378621378621;0.000003188842;
0.379620379620;0.379623605527;0.379620379620;0.000003225907;
0.380619380619;0.380622643149;0.380619380619;0.000003262530;
0.381618381618;0.381621680276;0.381618381618;0.000003298657;
0.382617382617;0.382620716851;0.382617382617;0.000003334233;
0.383616383616;0.383619752815;0.383616383616;0.000003369199;
0.384615384615;0.384618788106;0.384615384615;0.000003403491;
0.385614385614;0.385617822658;0.385614385614;0.000003437044;
0.386613386613;0.386616856402;0.386613386613;0.000003469789;
0.387612387612;0.387615889264;0.387612387612;0.000003501651;
0.388611388611;0.388614921167;0.388611388611;0.000003532555;
0.389610389610;0.389613952031;0.389610389610;0.000003562420;
0.390609390609;0.390612981772;0.390609390609;0.000003591162;
0.391608391608;0.391612010301;0.391608391608;0.000003618693;
0.392607392607;0.392611037528;0.392607392607;0.000003644921;
0.393606393606;0.393610063357;0.393606393606;0.000003669751;
0.394605394605;0.394609087689;0.394605394605;0.000003693083;
0.395604395604;0.395608110421;0.395604395604;0.000003714817;
0.396603396603;0.396607131449;0.396603396603;0.000003734846;
0.397602397602;0.397606150663;0.397602397602;0.000003753060;
0.398601398601;0.398605167950;0.398601398601;0.000003769349;
0.399600399600;0.399604183198;0.399600399600;0.000003783597;
0.400599400599;0.400603196287;0.400599400599;0.000003795688;
0.401598401598;0.401602207100;0.401598401598;0.000003805502;
0.402597402597;0.402601215516;0.402597402597;0.000003812918;
0.403596403596;0.403600221412;0.403596403596;0.000003817815;
0.404595404595;0.404599224666;0.404595404595;0.000003820071;
0.405594405594;0.405598225156;0.405594405594;0.000003819562;
0.406593406593;0.406597222760;0.406593406593;0.000003816167;
0.407592407592;0.407596217357;0.407592407592;0.000003809765;
0.408591408591;0.408595208830;0.408591408591;0.000003800238;
0.409590409590;0.409594197062;0.409590409590;0.000003787472;
0.410589410589;0.410593181944;0.410589410589;0.000003771355;
0.411588411588;0.411592163369;0.411588411588;0.000003751780;
0.412587412587;0.412591141236;0.412587412587;0.000003728649;
0.413586413586;0.413590115454;0.413586413586;0.000003701868;
0.414585414585;0.414589085939;0.414585414585;0.000003671353;
0.415584415584;0.415588052615;0.415584415584;0.000003637030;
0.416583416583;0.416587015419;0.416583416583;0.000003598835;
0.417582417582;0.417585974299;0.417582417582;0.000003556716;
0.418581418581;0.418584929217;0.418581418581;0.000003510635;
0.419580419580;0.419583880149;0.419580419580;0.000003460569;
0.420579420579;0.420582827087;0.420579420579;0.000003406508;
0.421578421578;0.421581770040;0.421578421578;0.000003348462;
0.422577422577;0.422580709034;0.422577422577;0.000003286457;
0.423576423576;0.423579644115;0.423576423576;0.000003220539;
0.424575424575;0.424578575348;0.424575424575;0.000003150772;
0.425574425574;0.425577502817;0.425574425574;0.000003077243;
0.426573426573;0.426576426630;0.426573426573;0.000003000056;
0.427572427572;0.427575346912;0.427572427572;0.000002919339;
0.428571428571;0.428574263812;0.428571428571;0.000002835240;
0.429570429570;0.429573177499;0.429570429570;0.000002747928;
0.430569430569;0.430572088162;0.430569430569;0.000002657593;
0.431568431568;0.431570996012;0.431568431568;0.000002564443;
0.432567432567;0.432569901276;0.432567432567;0.000002468709;
0.433566433566;0.433568804203;0.433566433566;0.000002370636;
0.434565434565;0.434567705054;0.434565434565;0.000002270489;
0.435564435564;0.435566604109;0.435564435564;0.000002168544;
0.436563436563;0.436565501659;0.436563436563;0.000002065095;
0.437562437562;0.437564398006;0.437562437562;0.000001960444;
0.438561438561;0.438563293464;0.438561438561;0.000001854903;
0.439560439560;0.439562188351;0.439560439560;0.000001748791;
0.440559440559;0.440561082990;0.440559440559;0.000001642431;
0.441558441558;0.441559977706;0.441558441558;0.000001536148;
0.442557442557;0.442558872824;0.442557442557;0.000001430266;
0.443556443556;0.443557768665;0.443556443556;0.000001325108;
0.444555444555;0.444556665544;0.444555444555;0.000001220989;
0.445554445554;0.445555563771;0.445554445554;0.000001118217;
0.446553446553;0.446554463642;0.446553446553;0.000001017089;
0.447552447552;0.447553365444;0.447552447552;0.000000917892;
0.448551448551;0.448552269448;0.448551448551;0.000000820897;
0.449550449550;0.449551175909;0.449550449550;0.000000726359;
0.450549450549;0.450550085067;0.450549450549;0.000000634517;
0.451548451548;0.451548997139;0.451548451548;0.000000545591;
0.452547452547;0.452547912328;0.452547452547;0.000000459781;
0.453546453546;0.453546830813;0.453546453546;0.000000377267;
0.454545454545;0.454545752753;0.454545454545;0.000000298207;
0.455544455544;0.455544678286;0.455544455544;0.000000222741;
0.456543456543;0.456543607528;0.456543456543;0.000000150985;
0.457542457542;0.457542540577;0.457542457542;0.000000083035;
0.458541458541;0.458541477508;0.458541458541;0.000000018966;
0.459540459540;0.459540418376;0.459540459540;0.000000041165;
0.460539460539;0.460539363217;0.460539460539;0.000000097322;
0.461538461538;0.461538312050;0.461538461538;0.000000149489;
0.462537462537;0.462537264875;0.462537462537;0.000000197663;
0.463536463536;0.463536221677;0.463536463536;0.000000241860;
0.464535464535;0.464535182424;0.464535464535;0.000000282112;
0.465534465534;0.465534147072;0.465534465534;0.000000318463;
0.466533466533;0.466533115563;0.466533466533;0.000000350970;
0.467532467532;0.467532087829;0.467532467532;0.000000379704;
0.468531468531;0.468531063789;0.468531468531;0.000000404742;
0.469530469530;0.469530043357;0.469530469530;0.000000426174;
0.470529470529;0.470529026434;0.470529470529;0.000000444095;
0.471528471528;0.471528012919;0.471528471528;0.000000458610;
0.472527472527;0.472527002703;0.472527472527;0.000000469825;
0.473526473526;0.473525995672;0.473526473526;0.000000477854;
0.474525474525;0.474524991711;0.474525474525;0.000000482815;
0.475524475524;0.475523990699;0.475524475524;0.000000484826;
0.476523476523;0.476522992516;0.476523476523;0.000000484008;
0.477522477522;0.477521997039;0.477522477522;0.000000480484;
0.478521478521;0.478521004145;0.478521478521;0.000000474376;
0.479520479520;0.479520013713;0.479520479520;0.000000465807;
0.480519480519;0.480519025621;0.480519480519;0.000000454898;
0.481518481518;0.481518039749;0.481518481518;0.000000441769;
0.482517482517;0.482517055979;0.482517482517;0.000000426539;
0.483516483516;0.483516074194;0.483516483516;0.000000409322;
0.484515484515;0.484515094282;0.484515484515;0.000000390233;
0.485514485514;0.485514116132;0.485514485514;0.000000369382;
0.486513486513;0.486513139636;0.486513486513;0.000000346877;
0.487512487512;0.487512164691;0.487512487512;0.000000322821;
0.488511488511;0.488511191195;0.488511488511;0.000000297316;
0.489510489510;0.489510219052;0.489510489510;0.000000270459;
0.490509490509;0.490509248167;0.490509490509;0.000000242342;
0.491508491508;0.491508278452;0.491508491508;0.000000213057;
0.492507492507;0.492507309819;0.492507492507;0.000000182689;
0.493506493506;0.493506342187;0.493506493506;0.000000151320;
0.494505494505;0.494505375476;0.494505494505;0.000000119030;
0.495504495504;0.495504409612;0.495504495504;0.000000085893;
0.496503496503;0.496503444523;0.496503496503;0.000000051980;
0.497502497502;0.497502480142;0.497502497502;0.000000017361;
0.498501498501;0.498501516404;0.498501498501;0.000000017902;
0.499500499500;0.499500553247;0.499500499500;0.000000053747;
0.500499500500;0.500499590616;0.500499500500;0.000000090116;
0.501498501499;0.501498628454;0.501498501499;0.000000126955;
0.502497502498;0.502497666710;0.502497502498;0.000000164213;
0.503496503497;0.503496705338;0.503496503497;0.000000201841;
0.504495504496;0.504495744290;0.504495504496;0.000000239794;
0.505494505495;0.505494783524;0.505494505495;0.000000278030;
0.506493506494;0.506493823001;0.506493506494;0.000000316508;
0.507492507493;0.507492862684;0.507492507493;0.000000355191;
0.508491508492;0.508491902536;0.508491508492;0.000000394045;
0.509490509491;0.509490942526;0.509490509491;0.000000433036;
0.510489510490;0.510489982624;0.510489510490;0.000000472135;
0.511488511489;0.511489022802;0.511488511489;0.000000511313;
0.512487512488;0.512488063033;0.512487512488;0.000000550545;
0.513486513487;0.513487103294;0.513486513487;0.000000589807;
0.514485514486;0.514486143561;0.514485514486;0.000000629076;
0.515484515485;0.515485183816;0.515484515485;0.000000668332;
0.516483516484;0.516484224039;0.516483516484;0.000000707556;
0.517482517483;0.517483264214;0.517482517483;0.000000746731;
0.518481518482;0.518482304324;0.518481518482;0.000000785842;
0.519480519481;0.519481344355;0.519480519481;0.000000824874;
0.520479520480;0.520480384294;0.520479520480;0.000000863815;
0.521478521479;0.521479424131;0.521478521479;0.000000902653;
0.522477522478;0.522478463855;0.522477522478;0.000000941377;
0.523476523477;0.523477503456;0.523476523477;0.000000979979;
0.524475524476;0.524476542927;0.524475524476;0.000001018451;
0.525474525475;0.525475582260;0.525474525475;0.000001056785;
0.526473526474;0.526474621449;0.526473526474;0.000001094976;
0.527472527473;0.527473660490;0.527472527473;0.000001133018;
0.528471528472;0.528472699378;0.528471528472;0.000001170906;
0.529470529471;0.529471738109;0.529470529471;0.000001208639;
0.530469530470;0.530470776681;0.530469530470;0.000001246212;
0.531468531469;0.531469815092;0.531468531469;0.000001283624;
0.532467532468;0.532468853340;0.532467532468;0.000001320873;
0.533466533467;0.533467891425;0.533466533467;0.000001357958;
0.534465534466;0.534466929346;0.534465534466;0.000001394881;
0.535464535465;0.535465967105;0.535464535465;0.000001431640;
0.536463536464;0.536465004701;0.536463536464;0.000001468237;
0.537462537463;0.537464042137;0.537462537463;0.000001504674;
0.538461538462;0.538463079414;0.538461538462;0.000001540952;
0.539460539461;0.539462116535;0.539460539461;0.000001577074;
0.540459540460;0.540461153502;0.540459540460;0.000001613042;
0.541458541459;0.541460190319;0.541458541459;0.000001648860;
0.542457542458;0.542459226989;0.542457542458;0.000001684531;
0.543456543457;0.543458263515;0.543456543457;0.000001720059;
0.544455544456;0.544457299903;0.544455544456;0.000001755448;
0.545454545455;0.545456336156;0.545454545455;0.000001790702;
0.546453546454;0.546455372279;0.546453546454;0.000001825826;
0.547452547453;0.547454408278;0.547452547453;0.000001860825;
0.548451548452;0.548453444156;0.548451548452;0.000001895704;
0.549450549451;0.549452479920;0.549450549451;0.000001930469;
0.550449550450;0.550451515575;0.550449550450;0.000001965125;
0.551448551449;0.551450551126;0.551448551449;0.000001999678;
0.552447552448;0.552449586581;0.552447552448;0.000002034133;
0.553446553447;0.553448621944;0.553446553447;0.000002068497;
0.554445554446;0.554447657222;0.554445554446;0.000002102776;
0.555444555445;0.555446692421;0.555444555445;0.000002136977;
0.556443556444;0.556445727548;0.556443556444;0.000002171105;
0.557442557443;0.557444762609;0.557442557443;0.000002205167;
0.558441558442;0.558443797612;0.558441558442;0.000002239170;
0.559440559441;0.559442832562;0.559440559441;0.000002273121;
0.560439560440;0.560441867466;0.560439560440;0.000002307026;
0.561438561439;0.561440902331;0.561438561439;0.000002340893;
0.562437562438;0.562439937165;0.562437562438;0.000002374728;
0.563436563437;0.563438971974;0.563436563437;0.000002408537;
0.564435564436;0.564438006765;0.564435564436;0.000002442329;
0.565434565435;0.565437041545;0.565434565435;0.000002476110;
0.566433566434;0.566436076321;0.566433566434;0.000002509888;
0.567432567433;0.567435111100;0.567432567433;0.000002543668;
0.568431568432;0.568434145890;0.568431568432;0.000002577458;
0.569430569431;0.569433180697;0.569430569431;0.000002611266;
0.570429570430;0.570432215527;0.570429570430;0.000002645098;
0.571428571429;0.571431250389;0.571428571429;0.000002678961;
0.572427572428;0.572430285289;0.572427572428;0.000002712862;
0.573426573427;0.573429320234;0.573426573427;0.000002746807;
0.574425574426;0.574428355230;0.574425574426;0.000002780805;
0.575424575425;0.575427390285;0.575424575425;0.000002814861;
0.576423576424;0.576426425405;0.576423576424;0.000002848982;
0.577422577423;0.577425460597;0.577422577423;0.000002883174;
0.578421578422;0.578424495866;0.578421578422;0.000002917445;
0.579420579421;0.579423531220;0.579420579421;0.000002951800;
0.580419580420;0.580422566665;0.580419580420;0.000002986245;
0.581418581419;0.581421602206;0.581418581419;0.000003020787;
0.582417582418;0.582420637850;0.582417582418;0.000003055432;
0.583416583417;0.583419673602;0.583416583417;0.000003090185;
0.584415584416;0.584418709468;0.584415584416;0.000003125052;
0.585414585415;0.585417745453;0.585414585415;0.000003160039;
0.586413586414;0.586416781563;0.586413586414;0.000003195150;
0.587412587413;0.587415817803;0.587412587413;0.000003230390;
0.588411588412;0.588414854176;0.588411588412;0.000003265765;
0.589410589411;0.589413890688;0.589410589411;0.000003301278;
0.590409590410;0.590412927343;0.590409590410;0.000003336933;
0.591408591409;0.591411964144;0.591408591409;0.000003372736;
0.592407592408;0.592411001096;0.592407592408;0.000003408688;
0.593406593407;0.593410038200;0.593406593407;0.000003444794;
0.594405594406;0.594409075461;0.594405594406;0.000003481055;
0.595404595405;0.595408112880;0.595404595405;0.000003517476;
0.596403596404;0.596407150460;0.596403596404;0.000003554056;
0.597402597403;0.597406188201;0.597402597403;0.000003590798;
0.598401598402;0.598405226105;0.598401598402;0.000003627704;
0.599400599401;0.599404264173;0.599400599401;0.000003664772;
0.600399600400;0.600403302404;0.600399600400;0.000003702005;
0.601398601399;0.601402340798;0.601398601399;0.000003739399;
0.602397602398;0.602401379353;0.602397602398;0.000003776956;
0.603396603397;0.603400418068;0.603396603397;0.000003814672;
0.604395604396;0.604399456940;0.604395604396;0.000003852544;
0.605394605395;0.605398495965;0.605394605395;0.000003890570;
0.606393606394;0.606397535139;0.606393606394;0.000003928746;
0.607392607393;0.607396574458;0.607392607393;0.000003967065;
0.608391608392;0.608395613914;0.608391608392;0.000004005523;
0.609390609391;0.609394653502;0.609390609391;0.000004044111;
0.610389610390;0.610393693213;0.610389610390;0.000004082824;
0.611388611389;0.611392733039;0.611388611389;0.000004121650;
0.612387612388;0.612391772968;0.612387612388;0.000004160581;
0.613386613387;0.613390812990;0.613386613387;0.000004199604;
0.614385614386;0.614389853093;0.614385614386;0.000004238707;
0.615384615385;0.615388893261;0.615384615385;0.000004277876;
0.616383616384;0.616387933480;0.616383616384;0.000004317096;
0.617382617383;0.617386973732;0.617382617383;0.000004356349;
0.618381618382;0.618386014000;0.618381618382;0.000004395618;
0.619380619381;0.619385054262;0.619380619381;0.000004434881;
0.620379620380;0.620384094497;0.620379620380;0.000004474118;
0.621378621379;0.621383134681;0.621378621379;0.000004513303;
0.622377622378;0.622382174789;0.622377622378;0.000004552411;
0.623376623377;0.623381214792;0.623376623377;0.000004591415;
0.624375624376;0.624380254660;0.624375624376;0.000004630285;
0.625374625375;0.625379294362;0.625374625375;0.000004668987;
0.626373626374;0.626378333862;0.626373626374;0.000004707488;
0.627372627373;0.627377373124;0.627372627373;0.000004745751;
0.628371628372;0.628376412107;0.628371628372;0.000004783736;
0.629370629371;0.629375450770;0.629370629371;0.000004821400;
0.630369630370;0.630374489068;0.630369630370;0.000004858698;
0.631368631369;0.631373526952;0.631368631369;0.000004895584;
0.632367632368;0.632372564372;0.632367632368;0.000004932004;
0.633366633367;0.633371601273;0.633366633367;0.000004967906;
0.634365634366;0.634370637598;0.634365634366;0.000005003233;
0.635364635365;0.635369673287;0.635364635365;0.000005037922;
0.636363636364;0.636368708275;0.636363636364;0.000005071911;
0.637362637363;0.637367742495;0.637362637363;0.000005105133;
0.638361638362;0.638366775876;0.638361638362;0.000005137515;
0.639360639361;0.639365808344;0.639360639361;0.000005168983;
0.640359640360;0.640364839819;0.640359640360;0.000005199460;
0.641358641359;0.641363870221;0.641358641359;0.000005228862;
0.642357642358;0.642362899462;0.642357642358;0.000005257104;
0.643356643357;0.643361927454;0.643356643357;0.000005284098;
0.644355644356;0.644360954104;0.644355644356;0.000005309748;
0.645354645355;0.645359979315;0.645354645355;0.000005333960;
0.646353646354;0.646359002985;0.646353646354;0.000005356632;
0.647352647353;0.647358025013;0.647352647353;0.000005377660;
0.648351648352;0.648357045290;0.648351648352;0.000005396938;
0.649350649351;0.649356063706;0.649350649351;0.000005414355;
0.650349650350;0.650355080148;0.650349650350;0.000005429798;
0.651348651349;0.651354094501;0.651348651349;0.000005443152;
0.652347652348;0.652353106646;0.652347652348;0.000005454298;
0.653346653347;0.653352116464;0.653346653347;0.000005463117;
0.654345654346;0.654351123833;0.654345654346;0.000005469487;
0.655344655345;0.655350128631;0.655344655345;0.000005473286;
0.656343656344;0.656349130736;0.656343656344;0.000005474392;
0.657342657343;0.657348130025;0.657342657343;0.000005472682;
0.658341658342;0.658347126377;0.658341658342;0.000005468035;
0.659340659341;0.659346119672;0.659340659341;0.000005460331;
0.660339660340;0.660345109793;0.660339660340;0.000005449454;
0.661338661339;0.661344096628;0.661338661339;0.000005435289;
0.662337662338;0.662343080065;0.662337662338;0.000005417728;
0.663336663337;0.663342060003;0.663336663337;0.000005396667;
0.664335664336;0.664341036345;0.664335664336;0.000005372009;
0.665334665335;0.665340009000;0.665334665335;0.000005343665;
0.666333666334;0.666338977888;0.666333666334;0.000005311554;
0.667332667333;0.667337942940;0.667332667333;0.000005275607;
0.668331668332;0.668336904097;0.668331668332;0.000005235765;
0.669330669331;0.669335861312;0.669330669331;0.000005191981;
0.670329670330;0.670334814552;0.670329670330;0.000005144223;
0.671328671329;0.671333763802;0.671328671329;0.000005092473;
0.672327672328;0.672332709059;0.672327672328;0.000005036732;
0.673326673327;0.673331650340;0.673326673327;0.000004977014;
0.674325674326;0.674330587679;0.674325674326;0.000004913354;
0.675324675325;0.675329521130;0.675324675325;0.000004845805;
0.676323676324;0.676328450766;0.676323676324;0.000004774442;
0.677322677323;0.677327376681;0.677322677323;0.000004699358;
0.678321678322;0.678326298989;0.678321678322;0.000004620667;
0.679320679321;0.679325217827;0.679320679321;0.000004538507;
0.680319680320;0.680324133352;0.680319680320;0.000004453032;
0.681318681319;0.681323045741;0.681318681319;0.000004364422;
0.682317682318;0.682321955192;0.682317682318;0.000004272875;
0.683316683317;0.683320861924;0.683316683317;0.000004178607;
0.684315684316;0.684319766173;0.684315684316;0.000004081857;
0.685314685315;0.685318668192;0.685314685315;0.000003982877;
0.686313686314;0.686317568251;0.686313686314;0.000003881938;
0.687312687313;0.687316466636;0.687312687313;0.000003779323;
0.688311688312;0.688315363642;0.688311688312;0.000003675330;
0.689310689311;0.689314259576;0.689310689311;0.000003570266;
0.690309690310;0.690313154755;0.690309690310;0.000003464445;
0.691308691309;0.691312049497;0.691308691309;0.000003358189;
0.692307692308;0.692310944129;0.692307692308;0.000003251822;
0.693306693307;0.693309838975;0.693306693307;0.000003145668;
0.694305694306;0.694308734358;0.694305694306;0.000003040053;
0.695304695305;0.695307630599;0.695304695305;0.000002935294;
0.696303696304;0.696306528009;0.696303696304;0.000002831705;
0.697302697303;0.697305426893;0.697302697303;0.000002729590;
0.698301698302;0.698304327543;0.698301698302;0.000002629242;
0.699300699301;0.699303230241;0.699300699301;0.000002530940;
0.700299700300;0.700302135249;0.700299700300;0.000002434950;
0.701298701299;0.701301042818;0.701298701299;0.000002341520;
0.702297702298;0.702299953178;0.702297702298;0.000002250880;
0.703296703297;0.703298866540;0.703296703297;0.000002163244;
0.704295704296;0.704297783097;0.704295704296;0.000002078801;
0.705294705295;0.705296703019;0.705294705295;0.000001997724;
0.706293706294;0.706295626457;0.706293706294;0.000001920163;
0.707292707293;0.707294553539;0.707292707293;0.000001846247;
0.708291708292;0.708293484375;0.708291708292;0.000001776083;
0.709290709291;0.709292419051;0.709290709291;0.000001709760;
0.710289710290;0.710291357635;0.710289710290;0.000001647345;
0.711288711289;0.711290300173;0.711288711289;0.000001588884;
0.712287712288;0.712289246695;0.712287712288;0.000001534407;
0.713286713287;0.713288197210;0.713286713287;0.000001483923;
0.714285714286;0.714287151713;0.714285714286;0.000001437427;
0.715284715285;0.715286110181;0.715284715285;0.000001394897;
0.716283716284;0.716285072578;0.716283716284;0.000001356294;
0.717282717283;0.717284038853;0.717282717283;0.000001321570;
0.718281718282;0.718283008943;0.718281718282;0.000001290662;
0.719280719281;0.719281982776;0.719280719281;0.000001263495;
0.720279720280;0.720280960267;0.720279720280;0.000001239987;
0.721278721279;0.721279941325;0.721278721279;0.000001220046;
0.722277722278;0.722278925851;0.722277722278;0.000001203573;
0.723276723277;0.723277913739;0.723276723277;0.000001190462;
0.724275724276;0.724276904878;0.724275724276;0.000001180603;
0.725274725275;0.725275899155;0.725274725275;0.000001173881;
0.726273726274;0.726274896451;0.726273726274;0.000001170177;
0.727272727273;0.727273896646;0.727272727273;0.000001169373;
0.728271728272;0.728272899617;0.728271728272;0.000001171346;
0.729270729271;0.729271905244;0.729270729271;0.000001175973;
0.730269730270;0.730270913402;0.730269730270;0.000001183132;
0.731268731269;0.731269923970;0.731268731269;0.000001192702;
0.732267732268;0.732268936828;0.732267732268;0.000001204560;
0.733266733267;0.733267951856;0.733266733267;0.000001218589;
0.734265734266;0.734266968936;0.734265734266;0.000001234670;
0.735264735265;0.735265987954;0.735264735265;0.000001252689;
0.736263736264;0.736265008797;0.736263736264;0.000001272534;
0.737262737263;0.737264031357;0.737262737263;0.000001294094;
0.738261738262;0.738263055527;0.738261738262;0.000001317265;
0.739260739261;0.739262081204;0.739260739261;0.000001341944;
0.740259740260;0.740261108290;0.740259740260;0.000001368030;
0.741258741259;0.741260136688;0.741258741259;0.000001395429;
0.742257742258;0.742259166307;0.742257742258;0.000001424049;
0.743256743257;0.743258197058;0.743256743257;0.000001453801;
0.744255744256;0.744257228856;0.744255744256;0.000001484600;
0.745254745255;0.745256261621;0.745254745255;0.000001516367;
0.746253746254;0.746255295276;0.746253746254;0.000001549023;
0.747252747253;0.747254329747;0.747252747253;0.000001582495;
0.748251748252;0.748253364965;0.748251748252;0.000001616713;
0.749250749251;0.749252400862;0.749250749251;0.000001651611;
0.750249750250;0.750251437376;0.750249750250;0.000001687126;
0.751248751249;0.751250474448;0.751248751249;0.000001723199;
0.752247752248;0.752249512020;0.752247752248;0.000001759772;
0.753246753247;0.753248550041;0.753246753247;0.000001796794;
0.754245754246;0.754247588459;0.754245754246;0.000001834214;
0.755244755245;0.755246627229;0.755244755245;0.000001871984;
0.756243756244;0.756245666305;0.756243756244;0.000001910061;
0.757242757243;0.757244705646;0.757242757243;0.000001948404;
0.758241758242;0.758243745214;0.758241758242;0.000001986972;
0.759240759241;0.759242784972;0.759240759241;0.000002025731;
0.760239760240;0.760241824887;0.760239760240;0.000002064647;
0.761238761239;0.761240864926;0.761238761239;0.000002103687;
0.762237762238;0.762239905061;0.762237762238;0.000002142823;
0.763236763237;0.763238945264;0.763236763237;0.000002182027;
0.764235764236;0.764237985510;0.764235764236;0.000002221274;
0.765234765235;0.765237025776;0.765234765235;0.000002260542;
0.766233766234;0.766236066041;0.766233766234;0.000002299807;
0.767232767233;0.767235106285;0.767232767233;0.000002339052;
0.768231768232;0.768234146489;0.768231768232;0.000002378258;
0.769230769231;0.769233186638;0.769230769231;0.000002417408;
0.770229770230;0.770232226717;0.770229770230;0.000002456487;
0.771228771229;0.771231266711;0.771228771229;0.000002495482;
0.772227772228;0.772230306608;0.772227772228;0.000002534381;
0.773226773227;0.773229346399;0.773226773227;0.000002573172;
0.774225774226;0.774228386072;0.774225774226;0.000002611846;
0.775224775225;0.775227425619;0.775224775225;0.000002650394;
0.776223776224;0.776226465032;0.776223776224;0.000002688809;
0.777222777223;0.777225504306;0.777222777223;0.000002727083;
0.778221778222;0.778224543433;0.778221778222;0.000002765211;
0.779220779221;0.779223582410;0.779220779221;0.000002803189;
0.780219780220;0.780222621232;0.780219780220;0.000002841013;
0.781218781219;0.781221659897;0.781218781219;0.000002878678;
0.782217782218;0.782220698401;0.782217782218;0.000002916183;
0.783216783217;0.783219736744;0.783216783217;0.000002953527;
0.784215784216;0.784218774923;0.784215784216;0.000002990707;
0.785214785215;0.785217812939;0.785214785215;0.000003027724;
0.786213786214;0.786216850791;0.786213786214;0.000003064578;
0.787212787213;0.787215888481;0.787212787213;0.000003101269;
0.788211788212;0.788214926010;0.788211788212;0.000003137798;
0.789210789211;0.789213963379;0.789210789211;0.000003174168;
0.790209790210;0.790213000590;0.790209790210;0.000003210380;
0.791208791209;0.791212037645;0.791208791209;0.000003246436;
0.792207792208;0.792211074549;0.792207792208;0.000003282341;
0.793206793207;0.793210111303;0.793206793207;0.000003318096;
0.794205794206;0.794209147912;0.794205794206;0.000003353707;
0.795204795205;0.795208184380;0.795204795205;0.000003389175;
0.796203796204;0.796207220710;0.796203796204;0.000003424507;
0.797202797203;0.797206256908;0.797202797203;0.000003459705;
0.798201798202;0.798205292978;0.798201798202;0.000003494776;
0.799200799201;0.799204328925;0.799200799201;0.000003529724;
0.800199800200;0.800203364755;0.800199800200;0.000003564555;
0.801198801199;0.801202400472;0.801198801199;0.000003599273;
0.802197802198;0.802201436083;0.802197802198;0.000003633885;
0.803196803197;0.803200471592;0.803196803197;0.000003668396;
0.804195804196;0.804199507008;0.804195804196;0.000003702812;
0.805194805195;0.805198542334;0.805194805195;0.000003737139;
0.806193806194;0.806197577578;0.806193806194;0.000003771384;
0.807192807193;0.807196612746;0.807192807193;0.000003805554;
0.808191808192;0.808195647845;0.808191808192;0.000003839653;
0.809190809191;0.809194682881;0.809190809191;0.000003873690;
0.810189810190;0.810193717860;0.810189810190;0.000003907670;
0.811188811189;0.811192752790;0.811188811189;0.000003941601;
0.812187812188;0.812191787677;0.812187812188;0.000003975489;
0.813186813187;0.813190822528;0.813186813187;0.000004009341;
0.814185814186;0.814189857350;0.814185814186;0.000004043165;
0.815184815185;0.815188892151;0.815184815185;0.000004076966;
0.816183816184;0.816187926936;0.816183816184;0.000004110753;
0.817182817183;0.817186961714;0.817182817183;0.000004144531;
0.818181818182;0.818185996491;0.818181818182;0.000004178309;
0.819180819181;0.819185031273;0.819180819181;0.000004212093;
0.820179820180;0.820184066069;0.820179820180;0.000004245889;
0.821178821179;0.821183100885;0.821178821179;0.000004279706;
0.822177822178;0.822182135728;0.822177822178;0.000004313550;
0.823176823177;0.823181170605;0.823176823177;0.000004347429;
0.824175824176;0.824180205523;0.824175824176;0.000004381348;
0.825174825175;0.825179240489;0.825174825175;0.000004415314;
0.826173826174;0.826178275509;0.826173826174;0.000004449335;
0.827172827173;0.827177310591;0.827172827173;0.000004483418;
0.828171828172;0.828176345740;0.828171828172;0.000004517568;
0.829170829171;0.829175380964;0.829170829171;0.000004551793;
0.830169830170;0.830174416268;0.830169830170;0.000004586098;
0.831168831169;0.831173451659;0.831168831169;0.000004620490;
0.832167832168;0.832172487144;0.832167832168;0.000004654976;
0.833166833167;0.833171522727;0.833166833167;0.000004689561;
0.834165834166;0.834170558416;0.834165834166;0.000004724250;
0.835164835165;0.835169594216;0.835164835165;0.000004759051;
0.836163836164;0.836168630132;0.836163836164;0.000004793968;
0.837162837163;0.837167666169;0.837162837163;0.000004829006;
0.838161838162;0.838166702333;0.838161838162;0.000004864171;
0.839160839161;0.839165738628;0.839160839161;0.000004899467;
0.840159840160;0.840164775059;0.840159840160;0.000004934899;
0.841158841159;0.841163811631;0.841158841159;0.000004970472;
0.842157842158;0.842162848347;0.842157842158;0.000005006189;
0.843156843157;0.843161885211;0.843156843157;0.000005042054;
0.844155844156;0.844160922227;0.844155844156;0.000005078071;
0.845154845155;0.845159959397;0.845154845155;0.000005114242;
0.846153846154;0.846158996724;0.846153846154;0.000005150570;
0.847152847153;0.847158034210;0.847152847153;0.000005187057;
0.848151848152;0.848157071858;0.848151848152;0.000005223706;
0.849150849151;0.849156109668;0.849150849151;0.000005260517;
0.850149850150;0.850155147641;0.850149850150;0.000005297491;
0.851148851149;0.851154185778;0.851148851149;0.000005334629;
0.852147852148;0.852153224077;0.852147852148;0.000005371929;
0.853146853147;0.853152262539;0.853146853147;0.000005409393;
0.854145854146;0.854151301162;0.854145854146;0.000005447016;
0.855144855145;0.855150339943;0.855144855145;0.000005484798;
0.856143856144;0.856149378880;0.856143856144;0.000005522736;
0.857142857143;0.857148417969;0.857142857143;0.000005560826;
0.858141858142;0.858147457204;0.858141858142;0.000005599062;
0.859140859141;0.859146496582;0.859140859141;0.000005637441;
0.860139860140;0.860145536095;0.860139860140;0.000005675955;
0.861138861139;0.861144575735;0.861138861139;0.000005714597;
0.862137862138;0.862143615496;0.862137862138;0.000005753358;
0.863136863137;0.863142655366;0.863136863137;0.000005792230;
0.864135864136;0.864141695336;0.864135864136;0.000005831201;
0.865134865135;0.865140735394;0.865134865135;0.000005870259;
0.866133866134;0.866139775526;0.866133866134;0.000005909392;
0.867132867133;0.867138815717;0.867132867133;0.000005948584;
0.868131868132;0.868137855952;0.868131868132;0.000005987821;
0.869130869131;0.869136896214;0.869130869131;0.000006027083;
0.870129870130;0.870135936481;0.870129870130;0.000006066352;
0.871128871129;0.871134976735;0.871128871129;0.000006105606;
0.872127872128;0.872134016952;0.872127872128;0.000006144824;
0.873126873127;0.873133057107;0.873126873127;0.000006183980;
0.874125874126;0.874132097174;0.874125874126;0.000006223048;
0.875124875125;0.875131137124;0.875124875125;0.000006261999;
0.876123876124;0.876130176926;0.876123876124;0.000006300802;
0.877122877123;0.877129216547;0.877122877123;0.000006339424;
0.878121878122;0.878128255952;0.878121878122;0.000006377830;
0.879120879121;0.879127295101;0.879120879121;0.000006415980;
0.880119880120;0.880126333955;0.880119880120;0.000006453835;
0.881118881119;0.881125372470;0.881118881119;0.000006491351;
0.882117882118;0.882124410599;0.882117882118;0.000006528481;
0.883116883117;0.883123448294;0.883116883117;0.000006565177;
0.884115884116;0.884122485502;0.884115884116;0.000006601386;
0.885114885115;0.885121522168;0.885114885115;0.000006637053;
0.886113886114;0.886120558233;0.886113886114;0.000006672119;
0.887112887113;0.887119593634;0.887112887113;0.000006706521;
0.888111888112;0.888118628307;0.888111888112;0.000006740195;
0.889110889111;0.889117662183;0.889110889111;0.000006773072;
0.890109890110;0.890116695188;0.890109890110;0.000006805079;
0.891108891109;0.891115727248;0.891108891109;0.000006836139;
0.892107892108;0.892114758281;0.892107892108;0.000006866173;
0.893106893107;0.893113788204;0.893106893107;0.000006895097;
0.894105894106;0.894112816931;0.894105894106;0.000006922825;
0.895104895105;0.895111844369;0.895104895105;0.000006949264;
0.896103896104;0.896110870424;0.896103896104;0.000006974320;
0.897102897103;0.897109894999;0.897102897103;0.000006997896;
0.898101898102;0.898108917990;0.898101898102;0.000007019888;
0.899100899101;0.899107939293;0.899100899101;0.000007040192;
0.900099900100;0.900106958800;0.900099900100;0.000007058700;
0.901098901099;0.901105976399;0.901098901099;0.000007075300;
0.902097902098;0.902104991975;0.902097902098;0.000007089877;
0.903096903097;0.903104005412;0.903096903097;0.000007102315;
0.904095904096;0.904103016591;0.904095904096;0.000007112495;
0.905094905095;0.905102025392;0.905094905095;0.000007120298;
0.906093906094;0.906101031694;0.906093906094;0.000007125600;
0.907092907093;0.907100035372;0.907092907093;0.000007128279;
0.908091908092;0.908099036306;0.908091908092;0.000007128214;
0.909090909091;0.909098034372;0.909090909091;0.000007125281;
0.910089910090;0.910097029451;0.910089910090;0.000007119361;
0.911088911089;0.911096021423;0.911088911089;0.000007110334;
0.912087912088;0.912095010173;0.912087912088;0.000007098085;
0.913086913087;0.913093995590;0.913086913087;0.000007082503;
0.914085914086;0.914092977565;0.914085914086;0.000007063479;
0.915084915085;0.915091956000;0.915084915085;0.000007040915;
0.916083916084;0.916090930798;0.916083916084;0.000007014714;
0.917082917083;0.917089901876;0.917082917083;0.000006984793;
0.918081918082;0.918088869156;0.918081918082;0.000006951074;
0.919080919081;0.919087832573;0.919080919081;0.000006913493;
0.920079920080;0.920086792074;0.920079920080;0.000006871995;
0.921078921079;0.921085747618;0.921078921079;0.000006826539;
0.922077922078;0.922084699179;0.922077922078;0.000006777101;
0.923076923077;0.923083646746;0.923076923077;0.000006723669;
0.924075924076;0.924082590325;0.924075924076;0.000006666249;
0.925074925075;0.925081529940;0.925074925075;0.000006604865;
0.926073926074;0.926080465634;0.926073926074;0.000006539560;
0.927072927073;0.927079397467;0.927072927073;0.000006470394;
0.928071928072;0.928078325523;0.928071928072;0.000006397451;
0.929070929071;0.929077249903;0.929070929071;0.000006320832;
0.930069930070;0.930076170732;0.930069930070;0.000006240662;
0.931068931069;0.931075088154;0.931068931069;0.000006157085;
0.932067932068;0.932074002335;0.932067932068;0.000006070267;
0.933066933067;0.933072913461;0.933066933067;0.000005980394;
0.934065934066;0.934071821739;0.934065934066;0.000005887673;
0.935064935065;0.935070727395;0.935064935065;0.000005792330;
0.936063936064;0.936069630672;0.936063936064;0.000005694608;
0.937062937063;0.937068531832;0.937062937063;0.000005594769;
0.938061938062;0.938067431151;0.938061938062;0.000005493089;
0.939060939061;0.939066328918;0.939060939061;0.000005389857;
0.940059940060;0.940065225435;0.940059940060;0.000005285375;
0.941058941059;0.941064121012;0.941058941059;0.000005179953;
0.942057942058;0.942063015967;0.942057942058;0.000005073909;
0.943056943057;0.943061910623;0.943056943057;0.000004967566;
0.944055944056;0.944060805306;0.944055944056;0.000004861250;
0.945054945055;0.945059700339;0.945054945055;0.000004755284;
0.946053946054;0.946058596045;0.946053946054;0.000004649991;
0.947052947053;0.947057492740;0.947052947053;0.000004545687;
0.948051948052;0.948056390734;0.948051948052;0.000004442682;
0.949050949051;0.949055290328;0.949050949051;0.000004341277;
0.950049950050;0.950054191807;0.950049950050;0.000004241757;
0.951048951049;0.951053095447;0.951048951049;0.000004144398;
0.952047952048;0.952052001505;0.952047952048;0.000004049457;
0.953046953047;0.953050910222;0.953046953047;0.000003957175;
0.954045954046;0.954049821822;0.954045954046;0.000003867776;
0.955044955045;0.955048736508;0.955044955045;0.000003781463;
0.956043956044;0.956047654462;0.956043956044;0.000003698419;
0.957042957043;0.957046575848;0.957042957043;0.000003618805;
0.958041958042;0.958045500807;0.958041958042;0.000003542765;
0.959040959041;0.959044429459;0.959040959041;0.000003470418;
0.960039960040;0.960043361903;0.960039960040;0.000003401863;
0.961038961039;0.961042298218;0.961038961039;0.000003337179;
0.962037962038;0.962041238463;0.962037962038;0.000003276425;
0.963036963037;0.963040182677;0.963036963037;0.000003219640;
0.964035964036;0.964039130880;0.964035964036;0.000003166844;
0.965034965035;0.965038083077;0.965034965035;0.000003118042;
0.966033966034;0.966037039254;0.966033966034;0.000003073220;
0.967032967033;0.967035999383;0.967032967033;0.000003032350;
0.968031968032;0.968034963420;0.968031968032;0.000002995388;
0.969030969031;0.969033931311;0.969030969031;0.000002962280;
0.970029970030;0.970032902987;0.970029970030;0.000002932957;
0.971028971029;0.971031878371;0.971028971029;0.000002907342;
0.972027972028;0.972030857377;0.972027972028;0.000002885349;
0.973026973027;0.973029839908;0.973026973027;0.000002866881;
0.974025974026;0.974028825863;0.974025974026;0.000002851837;
0.975024975025;0.975027815135;0.975024975025;0.000002840110;
0.976023976024;0.976026807610;0.976023976024;0.000002831586;
0.977022977023;0.977025803173;0.977022977023;0.000002826150;
0.978021978022;0.978024801705;0.978021978022;0.000002823683;
0.979020979021;0.979023803085;0.979020979021;0.000002824064;
0.980019980020;0.980022807189;0.980019980020;0.000002827169;
0.981018981019;0.981021813897;0.981018981019;0.000002832878;
0.982017982018;0.982020823086;0.982017982018;0.000002841068;
0.983016983017;0.983019834633;0.983016983017;0.000002851616;
0.984015984016;0.984018848419;0.984015984016;0.000002864403;
0.985014985015;0.985017864326;0.985014985015;0.000002879311;
0.986013986014;0.986016882236;0.986013986014;0.000002896222;
0.987012987013;0.987015902037;0.987012987013;0.000002915024;
0.988011988012;0.988014923616;0.988011988012;0.000002935604;
0.989010989011;0.989013946867;0.989010989011;0.000002957856;
0.990009990010;0.990012971684;0.990009990010;0.000002981674;
0.991008991009;0.991011997967;0.991008991009;0.000003006958;
0.992007992008;0.992011025617;0.992007992008;0.000003033609;
0.993006993007;0.993010054540;0.993006993007;0.000003061533;
0.994005994006;0.994009084646;0.994005994006;0.000003090640;
0.995004995005;0.995008115848;0.995004995005;0.000003120843;
0.996003996004;0.996007148064;0.996003996004;0.000003152060;
0.997002997003;0.997006181213;0.997002997003;0.000003184210;
0.998001998002;0.998005215221;0.998001998002;0.000003217219;
0.999000999001;0.999004250014;0.999000999001;0.000003251013;
1.000000000000;1.000000000000;1.000000000000;0.000000000000;
