Tabela de valores para implementação com 625 subintervalos
Tempo de execução = 0.010895000000 seg.

x;y;f(x,y);exact_solution;difference;Vx;Vy;VxE;VyE
0.020000000000;0.020000000000;1.000000000000;0.984291580564;-0.015708419436;0.010000000000;0.010000000000;0.773083249726;0.773083249726
0.020000000000;0.060000000000;0.999200000000;0.922444920586;-0.076755079414;0.003953284983;0.016046715017;0.724507585944;2.270674085396
0.020000000000;0.100000000000;0.998716262799;0.802637653733;-0.196078609066;0.001859854949;0.010233575086;0.630408445985;3.625590117326
0.020000000000;0.140000000000;0.998381313993;0.632397711200;-0.365983602793;0.001019258770;0.007354461367;0.496698424885;4.752696988196
0.020000000000;0.180000000000;0.998127905889;0.422421894677;-0.575706011212;0.000629691938;0.005705510659;0.331779015020;5.581174428101
0.020000000000;0.220000000000;0.997924873140;0.185903756952;-0.812021116188;0.000425376603;0.004650442118;0.146012709444;6.058966152565
0.020000000000;0.260000000000;0.997755870520;-0.062295397528;-1.060051268048;0.000307157609;0.003917907906;-0.048928111664;6.156050750344
0.020000000000;0.300000000000;0.997611440508;-0.306580303075;-1.304191743583;0.000233471922;0.003377278376;-0.240794599571;5.866328039108
0.020000000000;0.340000000000;0.997485688250;-0.531601640657;-1.529087328907;0.000184945368;0.002958861085;-0.417531077207;5.208002362330
0.020000000000;0.380000000000;0.997374731621;-0.723220492062;-1.720595223683;0.000151681501;0.002622234215;-0.568032541689;4.222438743434
0.020000000000;0.420000000000;0.997275909513;-0.869396740132;-1.866672649644;0.000128223114;0.002342329600;-0.682842432500;2.971563769244
0.020000000000;0.460000000000;0.997187345253;-0.960945593601;-1.958132938854;0.000111363078;0.002102743408;-0.754746821958;1.533974514786
0.020000000000;0.500000000000;0.997107690040;-0.992114701314;-1.989222391354;0.000099112556;0.001892267774;-0.779227692828;0.000000000000
0.020000000000;0.540000000000;0.997035963831;-0.960945593601;-1.957981557433;0.000090179368;0.001702975849;-0.754746821958;-1.533974514786
0.020000000000;0.580000000000;0.996971451972;-0.869396740132;-1.866368192104;0.000083688145;0.001529108336;-0.682842432500;-2.971563769244
0.020000000000;0.620000000000;0.996913635164;-0.723220492062;-1.720134127226;0.000079022563;0.001366397628;-0.568032541689;-4.222438743434
0.020000000000;0.660000000000;0.996862140162;-0.531601640657;-1.528463780819;0.000075732748;0.001211642318;-0.417531077207;-5.208002362330
0.020000000000;0.700000000000;0.996816703779;-0.306580303075;-1.303397006854;0.000073479256;0.001062430314;-0.240794599571;-5.866328039108
0.020000000000;0.740000000000;0.996777145737;-0.062295397528;-1.059072543265;0.000071998512;0.000916952547;-0.048928111664;-6.156050750344
0.020000000000;0.780000000000;0.996743347575;0.185903756952;-0.810839590623;0.000071081367;0.000773872667;0.146012709444;-6.058966152565
0.020000000000;0.820000000000;0.996715235923;0.422421894677;-0.574293341246;0.000070559950;0.000632231349;0.331779015020;-5.581174428101
0.020000000000;0.860000000000;0.996692769067;0.632397711200;-0.364295057867;0.000070299877;0.000491371522;0.496698424885;-4.752696988196
0.020000000000;0.900000000000;0.996675926201;0.802637653733;-0.194038272469;0.000070195932;0.000350875714;0.630408445985;-3.625590117326
0.020000000000;0.940000000000;0.996664699010;0.922444920586;-0.074219778424;0.000070169946;0.000210509837;0.724507585944;-2.270674085396
0.020000000000;0.980000000000;0.996659085414;0.984291580564;-0.012367504850;0.000070169946;0.000070169946;0.773083249726;-0.773083249726
0.060000000000;0.020000000000;0.999200000000;0.922444920586;-0.076755079414;0.016046715017;0.003953284983;2.270674085396;0.724507585944
0.060000000000;0.060000000000;0.998883737201;0.864484313711;-0.134399423491;0.007906569966;0.007906569966;2.127999281655;2.127999281655
0.060000000000;0.100000000000;0.998567474403;0.752204978054;-0.246362496349;0.004326730990;0.007299548873;1.851614456815;3.397780956266
0.060000000000;0.140000000000;0.998299773292;0.592661837209;-0.405637936082;0.002606746963;0.006124298356;1.458885885890;4.454067557231
0.060000000000;0.180000000000;0.998077530534;0.395879573475;-0.602197957059;0.001703824316;0.005111628493;0.974490149349;5.230488712660
0.060000000000;0.220000000000;0.997890843012;0.174222740197;-0.823668102816;0.001190033470;0.004327907789;0.428863612800;5.678259025880
0.060000000000;0.260000000000;0.997731297911;-0.058381148595;-1.056112446506;0.000876939518;0.003726003225;-0.143710001792;5.769243441329
0.060000000000;0.300000000000;0.997592762754;-0.287316735110;-1.284909497864;0.000675256634;0.003255066135;-0.707253788442;5.497725073566
0.060000000000;0.340000000000;0.997470892620;-0.498199154480;-1.495670047101;0.000539573418;0.002877070664;-1.226358218468;4.880764420212
0.060000000000;0.380000000000;0.997362597101;-0.677777888727;-1.675140485828;0.000445239025;0.002565511960;-1.668406051396;3.957127388141
0.060000000000;0.420000000000;0.997265651663;-0.814769345532;-1.812034997195;0.000378070988;0.002302011177;-2.005621796148;2.784849488976
0.060000000000;0.460000000000;0.997178436207;-0.900565847845;-1.897744284052;0.000329479722;0.002073632851;-2.216816947286;1.437589254458
0.060000000000;0.500000000000;0.997099761035;-0.929776485888;-1.926876246924;0.000294020335;0.001871084063;-2.288721336744;0.000000000000
0.060000000000;0.540000000000;0.997028749482;-0.900565847845;-1.897594597326;0.000268096139;0.001687551438;-2.216816947286;-1.437589254458
0.060000000000;0.580000000000;0.996964756920;-0.814769345532;-1.811734102452;0.000249238795;0.001517951530;-2.005621796148;-2.784849488976
0.060000000000;0.620000000000;0.996907313359;-0.677777888727;-1.674685202086;0.000235691920;0.001358442230;-1.668406051396;-3.957127388141
0.060000000000;0.660000000000;0.996856081542;-0.498199154480;-1.495055236022;0.000226161919;0.001206099011;-1.226358218468;-4.880764420212
0.060000000000;0.700000000000;0.996810825438;-0.287316735110;-1.284127560548;0.000219665020;0.001058696079;-0.707253788442;-5.497725073566
0.060000000000;0.740000000000;0.996771385856;-0.058381148595;-1.055152534451;0.000215431937;0.000914554658;-0.143710001792;-5.769243441329
0.060000000000;0.780000000000;0.996737661066;0.174222740197;-0.822514920869;0.000212848374;0.000772434106;0.428863612800;-5.678259025880
0.060000000000;0.820000000000;0.996709591127;0.395879573475;-0.600830017652;0.000211418508;0.000631449859;0.974490149349;-5.230488712660
0.060000000000;0.860000000000;0.996687145077;0.592661837209;-0.404025307868;0.000210743501;0.000491007504;1.458885885890;-4.454067557231
0.060000000000;0.900000000000;0.996670310527;0.752204978054;-0.244465332473;0.000210509837;0.000350745783;1.851614456815;-3.397780956266
0.060000000000;0.940000000000;0.996659085414;0.864484313711;-0.132174771704;0.000210483850;0.000210483850;2.127999281655;-2.127999281655
0.060000000000;0.980000000000;0.996653471819;0.922444920586;-0.074208551233;0.000210509837;0.000070169946;2.270674085396;-0.724507585944
0.100000000000;0.020000000000;0.998716262799;0.802637653733;-0.196078609066;0.010233575086;0.001859854949;3.625590117326;0.630408445985
0.100000000000;0.060000000000;0.998567474403;0.752204978054;-0.246362496349;0.007299548873;0.004326730990;3.397780956266;1.851614456815
0.100000000000;0.100000000000;0.998370124319;0.654508497187;-0.343861627132;0.004933752083;0.004933752083;2.956476721561;2.956476721561
0.100000000000;0.140000000000;0.998172774236;0.515686840329;-0.482485933907;0.003377173777;0.004731554693;2.329406181278;3.875572680730
0.100000000000;0.180000000000;0.997991599944;0.344462682729;-0.653528917215;0.002388824893;0.004288797166;1.555970483670;4.551152155010
0.100000000000;0.220000000000;0.997829670463;0.151594667928;-0.846235002535;0.001753993442;0.003823557320;0.684767438113;4.940766001424
0.100000000000;0.260000000000;0.997685715358;-0.050798597385;-1.048484312743;0.001335310358;0.003403131071;-0.229462063979;5.019933349102
0.100000000000;0.300000000000;0.997557419977;-0.250000000000;-1.247557419977;0.001051041679;0.003039912276;-1.129273620688;4.783679822433
0.100000000000;0.340000000000;0.997442522376;-0.433492983179;-1.430935505556;0.000852852644;0.002728843476;-1.958128762632;4.246850099376
0.100000000000;0.380000000000;0.997339112499;-0.589748007950;-1.587087120449;0.000711630194;0.002460731785;-2.663947472926;3.443175165754
0.100000000000;0.420000000000;0.997245663834;-0.708946996440;-1.706192660273;0.000609342091;0.002226570296;-3.202380566182;2.423152873355
0.100000000000;0.460000000000;0.997160986875;-0.783600237818;-1.780761224694;0.000534464485;0.002018692756;-3.539596310934;1.250874974190
0.100000000000;0.500000000000;0.997084168413;-0.809016994375;-1.806101162788;0.000479392924;0.001830884191;-3.654406201745;0.000000000000
0.100000000000;0.540000000000;0.997014516140;-0.783600237818;-1.780614753959;0.000438946059;0.001658194309;-3.539596310934;-1.250874974190
0.100000000000;0.580000000000;0.996951512868;-0.708946996440;-1.705898509308;0.000409478975;0.001496704116;-3.202380566182;-2.423152873355
0.100000000000;0.620000000000;0.996894779811;-0.589748007950;-1.586642787761;0.000388344403;0.001343320752;-2.663947472926;-3.443175165754
0.100000000000;0.660000000000;0.996844047208;-0.433492983179;-1.430337030388;0.000373557990;0.001195615417;-1.958128762632;-4.246850099376
0.100000000000;0.700000000000;0.996799130577;-0.250000000000;-1.246799130577;0.000363586967;0.001051700332;-1.129273620688;-4.783679822433
0.100000000000;0.740000000000;0.996759911182;-0.050798597385;-1.047558508566;0.000357215841;0.000910135901;-0.229462063979;-5.019933349102
0.100000000000;0.780000000000;0.996726319705;0.151594667928;-0.845131651777;0.000353461685;0.000769859239;0.684767438113;-4.940766001424
0.100000000000;0.820000000000;0.996698322443;0.344462682729;-0.652235639713;0.000351522207;0.000630126476;1.555970483670;-4.551152155010
0.100000000000;0.860000000000;0.996675909587;0.515686840329;-0.480989069258;0.000350745783;0.000490462851;2.329406181278;-3.875572680730
0.100000000000;0.900000000000;0.996659085414;0.654508497187;-0.342150588227;0.000350616063;0.000350616063;2.956476721561;-2.956476721561
0.100000000000;0.940000000000;0.996647860302;0.752204978054;-0.244442882248;0.000350745783;0.000210509837;3.397780956266;-1.851614456815
0.100000000000;0.980000000000;0.996642244628;0.802637653733;-0.194004590895;0.000350875714;0.000070195932;3.625590117326;-0.630408445985
0.140000000000;0.020000000000;0.998381313993;0.632397711200;-0.365983602793;0.007354461367;0.001019258770;4.752696988196;0.496698424885
0.140000000000;0.060000000000;0.998299773292;0.592661837209;-0.405637936082;0.006124298356;0.002606746963;4.454067557231;1.458885885890
0.140000000000;0.100000000000;0.998172774236;0.515686840329;-0.482485933907;0.004731554693;0.003377173777;3.875572680730;2.329406181278
0.140000000000;0.140000000000;0.998029599389;0.406309342707;-0.591720256682;0.003579371167;0.003579371167;3.053561319340;3.053561319340
0.140000000000;0.180000000000;0.997886424543;0.271401934782;-0.726484489761;0.002720308039;0.003488448158;2.039683470043;3.585849969494
0.140000000000;0.220000000000;0.997750523537;0.119441345148;-0.878309178389;0.002101805048;0.003274393253;0.897644806892;3.892826478232
0.140000000000;0.260000000000;0.997624473082;-0.040024183477;-1.037648656559;0.001659266793;0.003023051462;-0.300796180783;3.955202382528
0.140000000000;0.300000000000;0.997508679420;-0.196974845455;-1.194483524874;0.001340747079;0.002772608422;-1.480337038168;3.769058374912
0.140000000000;0.340000000000;0.997402664409;-0.341548853470;-1.338951517879;0.001109165287;0.002537659180;-2.566862875147;3.346090567974
0.140000000000;0.380000000000;0.997305666685;-0.464662090893;-1.461967757578;0.000939087016;0.002322001407;-3.492103277418;2.712875584590
0.140000000000;0.420000000000;0.997216904296;-0.558578900237;-1.555795804533;0.000813202697;0.002124845468;-4.197921987712;1.909200650968
0.140000000000;0.460000000000;0.997135679048;-0.617398142970;-1.614533822018;0.000719643204;0.001943683684;-4.639969820641;0.985563618896
0.140000000000;0.500000000000;0.997061409601;-0.637423989749;-1.634485399350;0.000650140817;0.001775565637;-4.790471285123;0.000000000000
0.140000000000;0.540000000000;0.996993633797;-0.617398142970;-1.614391776767;0.000598816197;0.001617637489;-4.639969820641;-0.985563618896
0.140000000000;0.580000000000;0.996931998602;-0.558578900237;-1.555510898839;0.000561386644;0.001467349874;-4.197921987712;-1.909200650968
0.140000000000;0.620000000000;0.996876245807;-0.464662090893;-1.461538336700;0.000534648728;0.001322521245;-3.492103277418;-2.712875584590
0.140000000000;0.660000000000;0.996826196903;-0.341548853470;-1.338375050372;0.000516138671;0.001181341575;-2.566862875147;-3.346090567974
0.140000000000;0.700000000000;0.996781738481;-0.196974845455;-1.193756583936;0.000503909017;0.001042353929;-1.480337038168;-3.769058374912
0.140000000000;0.740000000000;0.996742808588;-0.040024183477;-1.036766992065;0.000496382775;0.000904429376;-0.300796180783;-3.955202382528
0.140000000000;0.780000000000;0.996709384131;0.119441345148;-0.877268038983;0.000492260317;0.000766740471;0.897644806892;-3.892826478232
0.140000000000;0.820000000000;0.996681469351;0.271401934782;-0.725279534569;0.000490462851;0.000628733957;2.039683470043;-3.585849969494
0.140000000000;0.860000000000;0.996659085414;0.406309342707;-0.590349742707;0.000490101360;0.000490101360;3.053561319340;-3.053561319340
0.140000000000;0.900000000000;0.996642261242;0.515686840329;-0.480955420913;0.000490462851;0.000350745783;3.875572680730;-2.329406181278
0.140000000000;0.940000000000;0.996631025752;0.592661837209;-0.403969188542;0.000491007504;0.000210743501;4.454067557231;-1.458885885890
0.140000000000;0.980000000000;0.996625401762;0.632397711200;-0.364227690562;0.000491371522;0.000070299877;4.752696988196;-0.496698424885
0.180000000000;0.020000000000;0.998127905889;0.422421894677;-0.575706011212;0.005705510659;0.000629691938;5.581174428101;0.331779015020
0.180000000000;0.060000000000;0.998077530534;0.395879573475;-0.602197957059;0.005111628493;0.001703824316;5.230488712660;0.974490149349
0.180000000000;0.100000000000;0.997991599944;0.344462682729;-0.653528917215;0.004288797166;0.002388824893;4.551152155010;1.555970483670
0.180000000000;0.140000000000;0.997886424543;0.271401934782;-0.726484489761;0.003488448158;0.002720308039;3.585849969494;2.039683470043
0.180000000000;0.180000000000;0.997773975301;0.181288005126;-0.816485970175;0.002811231047;0.002811231047;2.395235642562;2.395235642562
0.180000000000;0.220000000000;0.997661526059;0.079783083377;-0.917878442682;0.002273651918;0.002762516074;1.054119851146;2.600286350598
0.180000000000;0.260000000000;0.997552974015;-0.026734902922;-1.024287876937;0.001859204686;0.002642073102;-0.353230167298;2.641951504042
0.180000000000;0.300000000000;0.997450160211;-0.131573036947;-1.129023197157;0.001543514557;0.002489810770;-1.738385435242;2.517613128069
0.180000000000;0.340000000000;0.997353789153;-0.228143953168;-1.225497742321;0.001303974407;0.002327183413;-3.014311552954;2.235083860126
0.180000000000;0.380000000000;0.997263985538;-0.310379745757;-1.307643731294;0.001122349886;0.002164769195;-4.100837389933;1.812116053188
0.180000000000;0.420000000000;0.997180607618;-0.373113237423;-1.370293845041;0.000984738476;0.002007126485;-4.929692531876;1.275286330132
0.180000000000;0.460000000000;0.997103415419;-0.412402652167;-1.409506067586;0.000880764817;0.001855630876;-5.448796961902;0.658325676778
0.180000000000;0.500000000000;0.997032157148;-0.425779291565;-1.422811448713;0.000802710944;0.001710057184;-5.625533439537;0.000000000000
0.180000000000;0.540000000000;0.996966610844;-0.412402652167;-1.409369263012;0.000744791267;0.001569440135;-5.448796961902;-0.658325676778
0.180000000000;0.580000000000;0.996906601937;-0.373113237423;-1.370019839360;0.000702602676;0.001432536647;-4.929692531876;-1.275286330132
0.180000000000;0.620000000000;0.996852007913;-0.310379745757;-1.307231753669;0.000672725193;0.001298072780;-4.100837389933;-1.812116053188
0.180000000000;0.660000000000;0.996802756114;-0.228143953168;-1.224946709282;0.000652438949;0.001164875707;-3.014311552954;-2.235083860126
0.180000000000;0.700000000000;0.996758817856;-0.131573036947;-1.128331854802;0.000639527656;0.001031944436;-1.738385435242;-2.517613128069
0.180000000000;0.740000000000;0.996720200560;-0.026734902922;-1.023455103482;0.000632145926;0.000898487201;-0.353230167298;-2.641951504042
0.180000000000;0.780000000000;0.996686938880;0.079783083377;-0.916903855503;0.000628733957;0.000763939314;1.054119851146;-2.600286350598
0.180000000000;0.820000000000;0.996659085414;0.181288005126;-0.815371080289;0.000627967520;0.000627967520;2.395235642562;-2.395235642562
0.180000000000;0.860000000000;0.996636701478;0.271401934782;-0.725234766697;0.000628733957;0.000490462851;3.585849969494;-2.039683470043
0.180000000000;0.900000000000;0.996619848386;0.344462682729;-0.652157165657;0.000630126476;0.000351522207;4.551152155010;-1.555970483670
0.180000000000;0.940000000000;0.996608579702;0.395879573475;-0.600729006226;0.000631449859;0.000211418508;5.230488712660;-0.974490149349
0.180000000000;0.980000000000;0.996602934906;0.422421894677;-0.574181040229;0.000632231349;0.000070559950;5.581174428101;-0.331779015020
0.220000000000;0.020000000000;0.997924873140;0.185903756952;-0.812021116188;0.004650442118;0.000425376603;6.058966152565;0.146012709444
0.220000000000;0.060000000000;0.997890843012;0.174222740197;-0.823668102816;0.004327907789;0.001190033470;5.678259025880;0.428863612800
0.220000000000;0.100000000000;0.997829670463;0.151594667928;-0.846235002535;0.003823557320;0.001753993442;4.940766001424;0.684767438113
0.220000000000;0.140000000000;0.997750523537;0.119441345148;-0.878309178389;0.003274393253;0.002101805048;3.892826478232;0.897644806892
0.220000000000;0.180000000000;0.997661526059;0.079783083377;-0.917878442682;0.002762516074;0.002273651918;2.600286350598;1.054119851146
0.220000000000;0.220000000000;0.997568631383;0.035111757056;-0.962456874327;0.002322366892;0.002322366892;1.144360668372;1.144360668372
0.220000000000;0.260000000000;0.997475736708;-0.011765770093;-1.009241506801;0.001960385475;0.002292914101;-0.383469403312;1.162697096140
0.220000000000;0.300000000000;0.997385198255;-0.057904010635;-1.055289208891;0.001670132057;0.002217378143;-1.887204682084;1.107976989256
0.220000000000;0.340000000000;0.997298346456;-0.100403929233;-1.097702275690;0.001440867900;0.002116494508;-3.272359950027;0.983638613283
0.220000000000;0.380000000000;0.997215878695;-0.136595099698;-1.133810978393;0.001261599643;0.002002765476;-4.451900807413;0.797494605668
0.220000000000;0.420000000000;0.997138125218;-0.164203497687;-1.161341622905;0.001122636505;0.001883260399;-5.351712364122;0.561241078999
0.220000000000;0.460000000000;0.997065217863;-0.181494386018;-1.178559603881;0.001015966643;0.001761656152;-5.915256150773;0.289722711236
0.220000000000;0.500000000000;0.996997192726;-0.187381314586;-1.184378507312;0.000935146875;0.001639592088;-6.107122638680;0.000000000000
0.220000000000;0.540000000000;0.996934050496;-0.181494386018;-1.178428436514;0.000875035253;0.001517529220;-5.915256150773;-0.289722711236
0.220000000000;0.580000000000;0.996875790388;-0.164203497687;-1.161079288075;0.000831507598;0.001395283800;-5.351712364122;-0.561241078999
0.220000000000;0.620000000000;0.996822427792;-0.136595099698;-1.133417527490;0.000801210420;0.001272357519;-4.451900807413;-0.797494605668
0.220000000000;0.660000000000;0.996774001787;-0.100403929233;-1.097177931020;0.000781364277;0.001148144038;-3.272359950027;-0.983638613283
0.220000000000;0.700000000000;0.996730576269;-0.057904010635;-1.054634586904;0.000769616731;0.001022060906;-1.887204682084;-1.107976989256
0.220000000000;0.740000000000;0.996692236914;-0.011765770093;-1.008458007007;0.000763939314;0.000893635677;-0.383469403312;-1.162697096140
0.220000000000;0.780000000000;0.996659085414;0.035111757056;-0.961547328359;0.000762562066;0.000762562066;1.144360668372;-1.144360668372
0.220000000000;0.820000000000;0.996631231949;0.079783083377;-0.916848148572;0.000763939314;0.000628733957;2.600286350598;-1.054119851146
0.220000000000;0.860000000000;0.996608786698;0.119441345148;-0.877167441550;0.000766740471;0.000492260317;3.892826478232;-0.897644806892
0.220000000000;0.900000000000;0.996591851124;0.151594667928;-0.844997183196;0.000769859239;0.000353461685;4.940766001424;-0.684767438113
0.220000000000;0.940000000000;0.996580509763;0.174222740197;-0.822357769567;0.000772434106;0.000212848374;5.678259025880;-0.428863612800
0.220000000000;0.980000000000;0.996574823254;0.185903756952;-0.810671066302;0.000773872667;0.000071081367;6.058966152565;-0.146012709444
0.260000000000;0.020000000000;0.997755870520;-0.062295397528;-1.060051268048;0.003917907906;0.000307157609;6.156050750344;-0.048928111664
0.260000000000;0.060000000000;0.997731297911;-0.058381148595;-1.056112446506;0.003726003225;0.000876939518;5.769243441329;-0.143710001792
0.260000000000;0.100000000000;0.997685715358;-0.050798597385;-1.048484312743;0.003403131071;0.001335310358;5.019933349102;-0.229462063979
0.260000000000;0.140000000000;0.997624473082;-0.040024183477;-1.037648656559;0.003023051462;0.001659266793;3.955202382528;-0.300796180783
0.260000000000;0.180000000000;0.997552974015;-0.026734902922;-1.024287876937;0.002642073102;0.001859204686;2.641951504042;-0.353230167298
0.260000000000;0.220000000000;0.997475736708;-0.011765770093;-1.009241506801;0.002292914101;0.001960385475;1.162697096140;-0.383469403312
0.260000000000;0.260000000000;0.997396143177;0.003942649343;-0.993453493834;0.001989838267;0.001989838267;-0.389613846414;-0.389613846414
0.260000000000;0.300000000000;0.997316549646;0.019403337620;-0.977913212026;0.001735760296;0.001970293194;-1.917443918098;-0.371277418646
0.260000000000;0.340000000000;0.997238519721;0.033644842834;-0.963593676887;0.001527765491;0.001918650999;-3.324793936542;-0.329612265202
0.260000000000;0.380000000000;0.997163057566;0.045772318836;-0.951390738730;0.001360544281;0.001846537801;-4.523234924217;-0.267236360906
0.260000000000;0.420000000000;0.997090796697;0.055023751707;-0.942067044990;0.001228241260;0.001761493485;-5.437464426309;-0.188069013228
0.260000000000;0.460000000000;0.997022138088;0.060817839895;-0.936204298193;0.001125318375;0.001668141245;-6.010038040900;-0.097084597779
0.260000000000;0.500000000000;0.996957345398;0.062790519529;-0.934166825868;0.001046874658;0.001569125794;-6.204978862008;0.000000000000
0.260000000000;0.540000000000;0.996896608024;0.060817839895;-0.936078768129;0.000988695272;0.001465800858;-6.010038040900;0.097084597779
0.260000000000;0.580000000000;0.996840081329;0.055023751707;-0.941816329622;0.000947182043;0.001358711814;-5.437464426309;0.188069013228
0.260000000000;0.620000000000;0.996787911079;0.045772318836;-0.951015592243;0.000919244610;0.001247929459;-4.523234924217;0.267236360906
0.260000000000;0.660000000000;0.996740246972;0.033644842834;-0.963095404138;0.000902191009;0.001133282018;-3.324793936542;0.329612265202
0.260000000000;0.700000000000;0.996697248517;0.019403337620;-0.977293910897;0.000893635677;0.001014519473;-1.917443918098;0.371277418646
0.260000000000;0.740000000000;0.996659085414;0.003942649343;-0.992716436072;0.000891432535;0.000891432535;-0.389613846414;0.389613846414
0.260000000000;0.780000000000;0.996625933915;-0.011765770093;-1.008391704008;0.000893635677;0.000763939314;1.162697096140;0.383469403312
0.260000000000;0.820000000000;0.996597970269;-0.026734902922;-1.023332873192;0.000898487201;0.000632145926;2.641951504042;0.353230167298
0.260000000000;0.860000000000;0.996575362241;-0.040024183477;-1.036599545717;0.000904429376;0.000496382775;3.955202382528;0.300796180783
0.260000000000;0.900000000000;0.996558259647;-0.050798597385;-1.047356857032;0.000910135901;0.000357215841;5.019933349102;0.229462063979
0.260000000000;0.940000000000;0.996546784973;-0.058381148595;-1.054927933568;0.000914554658;0.000215431937;5.769243441329;0.143710001792
0.260000000000;0.980000000000;0.996541025092;-0.062295397528;-1.058836422621;0.000916952547;0.000071998512;6.156050750344;0.048928111664
0.300000000000;0.020000000000;0.997611440508;-0.306580303075;-1.304191743583;0.003377278376;0.000233471922;5.866328039108;-0.240794599571
0.300000000000;0.060000000000;0.997592762754;-0.287316735110;-1.284909497864;0.003255066135;0.000675256634;5.497725073566;-0.707253788442
0.300000000000;0.100000000000;0.997557419977;-0.250000000000;-1.247557419977;0.003039912276;0.001051041679;4.783679822433;-1.129273620688
0.300000000000;0.140000000000;0.997508679420;-0.196974845455;-1.194483524874;0.002772608422;0.001340747079;3.769058374912;-1.480337038168
0.300000000000;0.180000000000;0.997450160211;-0.131573036947;-1.129023197157;0.002489810770;0.001543514557;2.517613128069;-1.738385435242
0.300000000000;0.220000000000;0.997385198255;-0.057904010635;-1.055289208891;0.002217378143;0.001670132057;1.107976989256;-1.887204682084
0.300000000000;0.260000000000;0.997316549646;0.019403337620;-0.977913212026;0.001970293194;0.001735760296;-0.371277418646;-1.917443918098
0.300000000000;0.300000000000;0.997246337432;0.095491502813;-0.901754834619;0.001755305368;0.001755305368;-1.827203100872;-1.827203100872
0.300000000000;0.340000000000;0.997176125217;0.165579585690;-0.831596539527;0.001573889489;0.001741278494;-3.168318892288;-1.622152392836
0.300000000000;0.380000000000;0.997107035152;0.225263694239;-0.771843340913;0.001424570732;0.001703241244;-4.310357555439;-1.315175884098
0.300000000000;0.420000000000;0.997039865917;0.270793656418;-0.726246209499;0.001304465876;0.001648034493;-5.181560600995;-0.925562037684
0.300000000000;0.460000000000;0.996975192393;0.299308657254;-0.697666535138;0.001210190940;0.001580289551;-5.727187137545;-0.477791724464
0.300000000000;0.500000000000;0.996913442753;0.309016994375;-0.687896448378;0.001138338112;0.001502968984;-5.912953443121;0.000000000000
0.300000000000;0.540000000000;0.996854954874;0.299308657254;-0.697546297620;0.001085689133;0.001417836605;-5.727187137545;0.477791724464
0.300000000000;0.580000000000;0.996800015825;0.270793656418;-0.726006359407;0.001049280692;0.001325833139;-5.181560600995;0.925562037684
0.300000000000;0.620000000000;0.996748888223;0.225263694239;-0.771485193983;0.001026394970;0.001227366486;-4.310357555439;1.315175884098
0.300000000000;0.660000000000;0.996701826506;0.165579585690;-0.831122240816;0.001014519473;0.001122535104;-3.168318892288;1.622152392836
0.300000000000;0.700000000000;0.996659085414;0.095491502813;-0.901167582602;0.001011302431;0.001011302431;-1.827203100872;1.827203100872
0.300000000000;0.740000000000;0.996620922311;0.019403337620;-0.977217584691;0.001014519473;0.000893635677;-0.371277418646;1.917443918098
0.300000000000;0.780000000000;0.996587594560;-0.057904010635;-1.054491605196;0.001022060906;0.000769616731;1.107976989256;1.887204682084
0.300000000000;0.820000000000;0.996559352973;-0.131573036947;-1.128132389920;0.001031944436;0.000639527656;2.517613128069;1.738385435242
0.300000000000;0.860000000000;0.996536432348;-0.196974845455;-1.193511277802;0.001042353929;0.000503909017;3.769058374912;1.480337038168
0.300000000000;0.900000000000;0.996519040252;-0.250000000000;-1.246519040252;0.001051700332;0.000363586967;4.783679822433;1.129273620688
0.300000000000;0.940000000000;0.996507345391;-0.287316735110;-1.283824080500;0.001058696079;0.000219665020;5.497725073566;0.707253788442
0.300000000000;0.980000000000;0.996501467050;-0.306580303075;-1.303081770125;0.001062430314;0.000073479256;5.866328039108;0.240794599571
0.340000000000;0.020000000000;0.997485688250;-0.531601640657;-1.529087328907;0.002958861085;0.000184945368;5.208002362330;-0.417531077207
0.340000000000;0.060000000000;0.997470892620;-0.498199154480;-1.495670047101;0.002877070664;0.000539573418;4.880764420212;-1.226358218468
0.340000000000;0.100000000000;0.997442522376;-0.433492983179;-1.430935505556;0.002728843476;0.000852852644;4.246850099376;-1.958128762632
0.340000000000;0.140000000000;0.997402664409;-0.341548853470;-1.338951517879;0.002537659180;0.001109165287;3.346090567974;-2.566862875147
0.340000000000;0.180000000000;0.997353789153;-0.228143953168;-1.225497742321;0.002327183413;0.001303974407;2.235083860126;-3.014311552954
0.340000000000;0.220000000000;0.997298346456;-0.100403929233;-1.097702275690;0.002116494508;0.001440867900;0.983638613283;-3.272359950027
0.340000000000;0.260000000000;0.997238519721;0.033644842834;-0.963593676887;0.001918650999;0.001527765491;-0.329612265202;-3.324793936542
0.340000000000;0.300000000000;0.997176125217;0.165579585690;-0.831596539527;0.001741278494;0.001573889489;-1.622152392836;-3.168318892288
0.340000000000;0.340000000000;0.997112608562;0.287110354217;-0.710002254345;0.001587916363;0.001587916363;-2.812766719769;-2.812766719769
0.340000000000;0.380000000000;0.997049091908;0.390600923271;-0.606448168636;0.001459383281;0.001577114189;-3.826644569066;-2.280478069614
0.340000000000;0.420000000000;0.996986439427;0.469548599787;-0.527437839641;0.001354860574;0.001547113693;-4.600080266674;-1.604898595334
0.340000000000;0.460000000000;0.996925322812;0.518992810898;-0.477932511914;0.001272641396;0.001502013481;-5.084476003216;-0.828477439905
0.340000000000;0.500000000000;0.996866278349;0.535826794979;-0.461039483370;0.001210597717;0.001444623987;-5.249395413081;0.000000000000
0.340000000000;0.540000000000;0.996809752893;0.518992810898;-0.477816941995;0.001166442455;0.001376743438;-5.084476003216;0.828477439905
0.340000000000;0.580000000000;0.996756138874;0.469548599787;-0.527207539087;0.001137856623;0.001299417651;-4.600080266674;1.604898595334
0.340000000000;0.620000000000;0.996705799481;0.390600923271;-0.606104876210;0.001122535104;0.001213168240;-3.826644569066;2.280478069614
0.340000000000;0.660000000000;0.996659085414;0.287110354217;-0.709548731197;0.001118189480;0.001118189480;-2.812766719769;2.812766719769
0.340000000000;0.700000000000;0.996616344323;0.165579585690;-0.831036758633;0.001122535104;0.001014519473;-1.622152392836;3.168318892288
0.340000000000;0.740000000000;0.996577923857;0.033644842834;-0.962933081022;0.001133282018;0.000902191009;-0.329612265202;3.324793936542
0.340000000000;0.780000000000;0.996544169042;-0.100403929233;-1.096948098276;0.001148144038;0.000781364277;0.983638613283;3.272359950027
0.340000000000;0.820000000000;0.996515414714;-0.228143953168;-1.224659367882;0.001164875707;0.000652438949;2.235083860126;3.014311552954
0.340000000000;0.860000000000;0.996491973926;-0.341548853470;-1.338040827396;0.001181341575;0.000516138671;3.346090567974;2.566862875147
0.340000000000;0.900000000000;0.996474123621;-0.433492983179;-1.429967106800;0.001195615417;0.000373557990;4.246850099376;1.958128762632
0.340000000000;0.940000000000;0.996462089287;-0.498199154480;-1.494661243767;0.001206099011;0.000226161919;4.880764420212;1.226358218468
0.340000000000;0.980000000000;0.996456030667;-0.531601640657;-1.528057671324;0.001211642318;0.000075732748;5.208002362330;0.417531077207
0.380000000000;0.020000000000;0.997374731621;-0.723220492062;-1.720595223683;0.002622234215;0.000151681501;4.222438743434;-0.568032541689
0.380000000000;0.060000000000;0.997362597101;-0.677777888727;-1.675140485828;0.002565511960;0.000445239025;3.957127388141;-1.668406051396
0.380000000000;0.100000000000;0.997339112499;-0.589748007950;-1.587087120449;0.002460731785;0.000711630194;3.443175165754;-2.663947472926
0.380000000000;0.140000000000;0.997305666685;-0.464662090893;-1.461967757578;0.002322001407;0.000939087016;2.712875584590;-3.492103277418
0.380000000000;0.180000000000;0.997263985538;-0.310379745757;-1.307643731294;0.002164769195;0.001122349886;1.812116053188;-4.100837389933
0.380000000000;0.220000000000;0.997215878695;-0.136595099698;-1.133810978393;0.002002765476;0.001261599643;0.797494605668;-4.451900807413
0.380000000000;0.260000000000;0.997163057566;0.045772318836;-0.951390738730;0.001846537801;0.001360544281;-0.267236360906;-4.523234924217
0.380000000000;0.300000000000;0.997107035152;0.225263694239;-0.771843340913;0.001703241244;0.001424570732;-1.315175884098;-4.310357555439
0.380000000000;0.340000000000;0.997049091908;0.390600923271;-0.606448168636;0.001577114189;0.001459383281;-2.280478069614;-3.826644569066
0.380000000000;0.380000000000;0.996990284490;0.531395259765;-0.465595024725;0.001470185455;0.001470185455;-3.102489431004;-3.102489431004
0.380000000000;0.420000000000;0.996931477071;0.638800077752;-0.358131399320;0.001382951743;0.001461292608;-3.729559971286;-2.183393471835
0.380000000000;0.460000000000;0.996873381081;0.706066737511;-0.290806643570;0.001314916353;0.001436026694;-4.122288542211;-1.127106870870
0.380000000000;0.500000000000;0.996816594936;0.728968627421;-0.267847967514;0.001264968906;0.001396770043;-4.255998563311;0.000000000000
0.380000000000;0.540000000000;0.996761639478;0.706066737511;-0.290694901966;0.001231626347;0.001345095510;-4.122288542211;1.127106870870
0.380000000000;0.580000000000;0.996708987295;0.638800077752;-0.357908909543;0.001213168240;0.001281925788;-3.729559971286;2.183393471835
0.380000000000;0.620000000000;0.996659085414;0.531395259765;-0.465263825650;0.001207699343;0.001207699343;-3.102489431004;3.102489431004
0.380000000000;0.660000000000;0.996612371348;0.390600923271;-0.606011448076;0.001213168240;0.001122535104;-2.280478069614;3.826644569066
0.380000000000;0.700000000000;0.996569282606;0.225263694239;-0.771305588367;0.001227366486;0.001026394970;-1.315175884098;4.310357555439
0.380000000000;0.740000000000;0.996530259750;0.045772318836;-0.950757940914;0.001247929459;0.000919244610;-0.267236360906;4.523234924217
0.380000000000;0.780000000000;0.996495743037;-0.136595099698;-1.133090842735;0.001272357519;0.000801210420;0.797494605668;4.451900807413
0.380000000000;0.820000000000;0.996466162916;-0.310379745757;-1.306845908673;0.001298072780;0.000672725193;1.812116053188;4.100837389933
0.380000000000;0.860000000000;0.996441925022;-0.464662090893;-1.461104015914;0.001322521245;0.000534648728;2.712875584590;3.492103277418
0.380000000000;0.900000000000;0.996423391018;-0.589748007950;-1.586171398968;0.001343320752;0.000388344403;3.443175165754;2.663947472926
0.380000000000;0.940000000000;0.996410857470;-0.677777888727;-1.674188746196;0.001358442230;0.000235691920;3.957127388141;1.668406051396
0.380000000000;0.980000000000;0.996404535665;-0.723220492062;-1.719625027726;0.001366397628;0.000079022563;4.222438743434;0.568032541689
0.420000000000;0.020000000000;0.997275909513;-0.869396740132;-1.866672649644;0.002342329600;0.000128223114;2.971563769244;-0.682842432500
0.420000000000;0.060000000000;0.997265651663;-0.814769345532;-1.812034997195;0.002302011177;0.000378070988;2.784849488976;-2.005621796148
0.420000000000;0.100000000000;0.997245663834;-0.708946996440;-1.706192660273;0.002226570296;0.000609342091;2.423152873355;-3.202380566182
0.420000000000;0.140000000000;0.997216904296;-0.558578900237;-1.555795804533;0.002124845468;0.000813202697;1.909200650968;-4.197921987712
0.420000000000;0.180000000000;0.997180607618;-0.373113237423;-1.370293845041;0.002007126485;0.000984738476;1.275286330132;-4.929692531876
0.420000000000;0.220000000000;0.997138125218;-0.164203497687;-1.161341622905;0.001883260399;0.001122636505;0.561241078999;-5.351712364122
0.420000000000;0.260000000000;0.997090796697;0.055023751707;-0.942067044990;0.001761493485;0.001228241260;-0.188069013228;-5.437464426309
0.420000000000;0.300000000000;0.997039865917;0.270793656418;-0.726246209499;0.001648034493;0.001304465876;-0.925562037684;-5.181560600995
0.420000000000;0.340000000000;0.996986439427;0.469548599787;-0.527437839641;0.001547113693;0.001354860574;-1.604898595334;-4.600080266674
0.420000000000;0.380000000000;0.996931477071;0.638800077752;-0.358131399320;0.001461292608;0.001382951743;-2.183393471835;-3.729559971286
0.420000000000;0.420000000000;0.996875803288;0.767913397489;-0.228962405798;0.001391844590;0.001391844590;-2.624697706540;-2.624697706540
0.420000000000;0.460000000000;0.996820129504;0.848775894275;-0.148044235229;0.001339103366;0.001384030644;-2.901082531381;-1.354916031930
0.420000000000;0.500000000000;0.996765080836;0.876306680044;-0.120458400792;0.001302735208;0.001361333981;-2.995181671340;0.000000000000
0.420000000000;0.540000000000;0.996711222786;0.848775894275;-0.147935328511;0.001281925788;0.001324942772;-2.901082531381;1.354916031930
0.420000000000;0.580000000000;0.996659085414;0.767913397489;-0.228745687925;0.001275490647;0.001275490647;-2.624697706540;2.624697706540
0.420000000000;0.620000000000;0.996609183534;0.638800077752;-0.357809105782;0.001281925788;0.001213168240;-2.183393471835;3.729559971286
0.420000000000;0.660000000000;0.996562031955;0.469548599787;-0.527013432169;0.001299417651;0.001137856623;-1.604898595334;4.600080266674
0.420000000000;0.700000000000;0.996518155004;0.270793656418;-0.725724498586;0.001325833139;0.001049280692;-0.925562037684;5.181560600995
0.420000000000;0.740000000000;0.996478089500;0.055023751707;-0.941454337793;0.001358711814;0.000947182043;-0.188069013228;5.437464426309
0.420000000000;0.780000000000;0.996442380441;-0.164203497687;-1.160645878128;0.001395283800;0.000831507598;0.561241078999;5.351712364122
0.420000000000;0.820000000000;0.996411568892;-0.373113237423;-1.369524806315;0.001432536647;0.000702602676;1.275286330132;4.929692531876
0.420000000000;0.860000000000;0.996386172227;-0.558578900237;-1.554965072464;0.001467349874;0.000561386644;1.909200650968;4.197921987712
0.420000000000;0.900000000000;0.996366657961;-0.708946996440;-1.705313654400;0.001496704116;0.000409478975;2.423152873355;3.202380566182
0.420000000000;0.940000000000;0.996353413909;-0.814769345532;-1.811122759440;0.001517951530;0.000249238795;2.784849488976;2.005621796148
0.420000000000;0.980000000000;0.996346718857;-0.869396740132;-1.865743458989;0.001529108336;0.000083688145;2.971563769244;0.682842432500
0.460000000000;0.020000000000;0.997187345253;-0.960945593601;-1.958132938854;0.002102743408;0.000111363078;1.533974514786;-0.754746821958
0.460000000000;0.060000000000;0.997178436207;-0.900565847845;-1.897744284052;0.002073632851;0.000329479722;1.437589254458;-2.216816947286
0.460000000000;0.100000000000;0.997160986875;-0.783600237818;-1.780761224694;0.002018692756;0.000534464485;1.250874974190;-3.539596310934
0.460000000000;0.140000000000;0.997135679048;-0.617398142970;-1.614533822018;0.001943683684;0.000719643204;0.985563618896;-4.639969820641
0.460000000000;0.180000000000;0.997103415419;-0.412402652167;-1.409506067586;0.001855630876;0.000880764817;0.658325676778;-5.448796961902
0.460000000000;0.220000000000;0.997065217863;-0.181494386018;-1.178559603881;0.001761656152;0.001015966643;0.289722711236;-5.915256150773
0.460000000000;0.260000000000;0.997022138088;0.060817839895;-0.936204298193;0.001668141245;0.001125318375;-0.097084597779;-6.010038040900
0.460000000000;0.300000000000;0.996975192393;0.299308657254;-0.697666535138;0.001580289551;0.001210190940;-0.477791724464;-5.727187137545
0.460000000000;0.340000000000;0.996925322812;0.518992810898;-0.477932511914;0.001502013481;0.001272641396;-0.828477439905;-5.084476003216
0.460000000000;0.380000000000;0.996873381081;0.706066737511;-0.290806643570;0.001436026694;0.001314916353;-1.127106870870;-4.122288542211
0.460000000000;0.420000000000;0.996820129504;0.848775894275;-0.148044235229;0.001384030644;0.001339103366;-1.354916031930;-2.901082531381
0.460000000000;0.460000000000;0.996766252812;0.938153340022;-0.058612912790;0.001346917312;0.001346917312;-1.497590835670;-1.497590835670
0.460000000000;0.500000000000;0.996712376119;0.968583161129;-0.028129214991;0.001324942772;0.001339592465;-1.546166499452;0.000000000000
0.460000000000;0.540000000000;0.996659085414;0.938153340022;-0.058505745393;0.001317850949;0.001317850949;-1.497590835670;1.497590835670
0.460000000000;0.580000000000;0.996606948043;0.848775894275;-0.147831053768;0.001324942772;0.001281925788;-1.354916031930;2.901082531381
0.460000000000;0.620000000000;0.996556531351;0.706066737511;-0.290489793840;0.001345095510;0.001231626347;-1.127106870870;4.122288542211
0.460000000000;0.660000000000;0.996508417936;0.518992810898;-0.477515607037;0.001376743438;0.001166442455;-0.828477439905;5.084476003216
0.460000000000;0.700000000000;0.996463215955;0.299308657254;-0.697154558701;0.001417836605;0.001085689133;-0.477791724464;5.727187137545
0.460000000000;0.740000000000;0.996421562805;0.060817839895;-0.935603722910;0.001465800858;0.000988695272;-0.097084597779;6.010038040900
0.460000000000;0.780000000000;0.996384120333;-0.181494386018;-1.177878506351;0.001517529220;0.000875035253;0.289722711236;5.915256150773
0.460000000000;0.820000000000;0.996351559985;-0.412402652167;-1.408754212152;0.001569440135;0.000744791267;0.658325676778;5.448796961902
0.460000000000;0.860000000000;0.996324537032;-0.617398142970;-1.613722680002;0.001617637489;0.000598816197;0.985563618896;4.639969820641
0.460000000000;0.900000000000;0.996303654689;-0.783600237818;-1.779903892507;0.001658194309;0.000438946059;1.250874974190;3.539596310934
0.460000000000;0.940000000000;0.996289421347;-0.900565847845;-1.896855269192;0.001687551438;0.000268096139;1.437589254458;2.216816947286
0.460000000000;0.980000000000;0.996282206998;-0.960945593601;-1.957227800599;0.001702975849;0.000090179368;1.533974514786;0.754746821958
0.500000000000;0.020000000000;0.997107690040;-0.992114701314;-1.989222391354;0.001892267774;0.000099112556;0.000000000000;-0.779227692828
0.500000000000;0.060000000000;0.997099761035;-0.929776485888;-1.926876246924;0.001871084063;0.000294020335;0.000000000000;-2.288721336744
0.500000000000;0.100000000000;0.997084168413;-0.809016994375;-1.806101162788;0.001830884191;0.000479392924;0.000000000000;-3.654406201745
0.500000000000;0.140000000000;0.997061409601;-0.637423989749;-1.634485399350;0.001775565637;0.000650140817;0.000000000000;-4.790471285123
0.500000000000;0.180000000000;0.997032157148;-0.425779291565;-1.422811448713;0.001710057184;0.000802710944;0.000000000000;-5.625533439537
0.500000000000;0.220000000000;0.996997192726;-0.187381314586;-1.184378507312;0.001639592088;0.000935146875;0.000000000000;-6.107122638680
0.500000000000;0.260000000000;0.996957345398;0.062790519529;-0.934166825868;0.001569125794;0.001046874658;0.000000000000;-6.204978862008
0.500000000000;0.300000000000;0.996913442753;0.309016994375;-0.687896448378;0.001502968984;0.001138338112;0.000000000000;-5.912953443121
0.500000000000;0.340000000000;0.996866278349;0.535826794979;-0.461039483370;0.001444623987;0.001210597717;0.000000000000;-5.249395413081
0.500000000000;0.380000000000;0.996816594936;0.728968627421;-0.267847967514;0.001396770043;0.001264968906;0.000000000000;-4.255998563311
0.500000000000;0.420000000000;0.996765080836;0.876306680044;-0.120458400792;0.001361333981;0.001302735208;0.000000000000;-2.995181671340
0.500000000000;0.460000000000;0.996712376119;0.968583161129;-0.028129214991;0.001339592465;0.001324942772;0.000000000000;-1.546166499452
0.500000000000;0.500000000000;0.996659085414;1.000000000000;0.003340914586;0.001332267618;0.001332267618;0.000000000000;0.000000000000
0.500000000000;0.540000000000;0.996605794710;0.968583161129;-0.028022633581;0.001339592465;0.001324942772;0.000000000000;1.546166499452
0.500000000000;0.580000000000;0.996553089993;0.876306680044;-0.120246409949;0.001361333981;0.001302735208;0.000000000000;2.995181671340
0.500000000000;0.620000000000;0.996501575893;0.728968627421;-0.267532948472;0.001396770043;0.001264968906;0.000000000000;4.255998563311
0.500000000000;0.660000000000;0.996451892480;0.535826794979;-0.460625097501;0.001444623987;0.001210597717;0.000000000000;5.249395413081
0.500000000000;0.700000000000;0.996404728076;0.309016994375;-0.687387733701;0.001502968984;0.001138338112;0.000000000000;5.912953443121
0.500000000000;0.740000000000;0.996360825431;0.062790519529;-0.933570305902;0.001569125794;0.001046874658;0.000000000000;6.204978862008
0.500000000000;0.780000000000;0.996320978103;-0.187381314586;-1.183702292689;0.001639592088;0.000935146875;0.000000000000;6.107122638680
0.500000000000;0.820000000000;0.996286013681;-0.425779291565;-1.422065305246;0.001710057184;0.000802710944;0.000000000000;5.625533439537
0.500000000000;0.860000000000;0.996256761228;-0.637423989749;-1.633680750976;0.001775565637;0.000650140817;0.000000000000;4.790471285123
0.500000000000;0.900000000000;0.996234002416;-0.809016994375;-1.805250996791;0.001830884191;0.000479392924;0.000000000000;3.654406201745
0.500000000000;0.940000000000;0.996218409794;-0.929776485888;-1.925994895682;0.001871084063;0.000294020335;0.000000000000;2.288721336744
0.500000000000;0.980000000000;0.996210480789;-0.992114701314;-1.988325182104;0.001892267774;0.000099112556;0.000000000000;0.779227692828
0.540000000000;0.020000000000;0.997035963831;-0.960945593601;-1.957981557433;0.001702975849;0.000090179368;-1.533974514786;-0.754746821958
0.540000000000;0.060000000000;0.997028749482;-0.900565847845;-1.897594597326;0.001687551438;0.000268096139;-1.437589254458;-2.216816947286
0.540000000000;0.100000000000;0.997014516140;-0.783600237818;-1.780614753959;0.001658194309;0.000438946059;-1.250874974190;-3.539596310934
0.540000000000;0.140000000000;0.996993633797;-0.617398142970;-1.614391776767;0.001617637489;0.000598816197;-0.985563618896;-4.639969820641
0.540000000000;0.180000000000;0.996966610844;-0.412402652167;-1.409369263012;0.001569440135;0.000744791267;-0.658325676778;-5.448796961902
0.540000000000;0.220000000000;0.996934050496;-0.181494386018;-1.178428436514;0.001517529220;0.000875035253;-0.289722711236;-5.915256150773
0.540000000000;0.260000000000;0.996896608024;0.060817839895;-0.936078768129;0.001465800858;0.000988695272;0.097084597779;-6.010038040900
0.540000000000;0.300000000000;0.996854954874;0.299308657254;-0.697546297620;0.001417836605;0.001085689133;0.477791724464;-5.727187137545
0.540000000000;0.340000000000;0.996809752893;0.518992810898;-0.477816941995;0.001376743438;0.001166442455;0.828477439905;-5.084476003216
0.540000000000;0.380000000000;0.996761639478;0.706066737511;-0.290694901966;0.001345095510;0.001231626347;1.127106870870;-4.122288542211
0.540000000000;0.420000000000;0.996711222786;0.848775894275;-0.147935328511;0.001324942772;0.001281925788;1.354916031930;-2.901082531381
0.540000000000;0.460000000000;0.996659085414;0.938153340022;-0.058505745393;0.001317850949;0.001317850949;1.497590835670;-1.497590835670
0.540000000000;0.500000000000;0.996605794710;0.968583161129;-0.028022633581;0.001324942772;0.001339592465;1.546166499452;0.000000000000
0.540000000000;0.540000000000;0.996551918017;0.938153340022;-0.058398577995;0.001346917312;0.001346917312;1.497590835670;1.497590835670
0.540000000000;0.580000000000;0.996498041325;0.848775894275;-0.147722147050;0.001384030644;0.001339103366;1.354916031930;2.901082531381
0.540000000000;0.620000000000;0.996444789748;0.706066737511;-0.290378052237;0.001436026694;0.001314916353;1.127106870870;4.122288542211
0.540000000000;0.660000000000;0.996392848017;0.518992810898;-0.477400037118;0.001502013481;0.001272641396;0.828477439905;5.084476003216
0.540000000000;0.700000000000;0.996342978436;0.299308657254;-0.697034321182;0.001580289551;0.001210190940;0.477791724464;5.727187137545
0.540000000000;0.740000000000;0.996296032741;0.060817839895;-0.935478192847;0.001668141245;0.001125318375;0.097084597779;6.010038040900
0.540000000000;0.780000000000;0.996252952966;-0.181494386018;-1.177747338984;0.001761656152;0.001015966643;-0.289722711236;5.915256150773
0.540000000000;0.820000000000;0.996214755410;-0.412402652167;-1.408617407577;0.001855630876;0.000880764817;-0.658325676778;5.448796961902
0.540000000000;0.860000000000;0.996182491781;-0.617398142970;-1.613580634751;0.001943683684;0.000719643204;-0.985563618896;4.639969820641
0.540000000000;0.900000000000;0.996157183954;-0.783600237818;-1.779757421772;0.002018692756;0.000534464485;-1.250874974190;3.539596310934
0.540000000000;0.940000000000;0.996139734622;-0.900565847845;-1.896705582467;0.002073632851;0.000329479722;-1.437589254458;2.216816947286
0.540000000000;0.980000000000;0.996130825576;-0.960945593601;-1.957076419177;0.002102743408;0.000111363078;-1.533974514786;0.754746821958
0.580000000000;0.020000000000;0.996971451972;-0.869396740132;-1.866368192104;0.001529108336;0.000083688145;-2.971563769244;-0.682842432500
0.580000000000;0.060000000000;0.996964756920;-0.814769345532;-1.811734102452;0.001517951530;0.000249238795;-2.784849488976;-2.005621796148
0.580000000000;0.100000000000;0.996951512868;-0.708946996440;-1.705898509308;0.001496704116;0.000409478975;-2.423152873355;-3.202380566182
0.580000000000;0.140000000000;0.996931998602;-0.558578900237;-1.555510898839;0.001467349875;0.000561386644;-1.909200650968;-4.197921987712
0.580000000000;0.180000000000;0.996906601937;-0.373113237423;-1.370019839360;0.001432536647;0.000702602676;-1.275286330132;-4.929692531876
0.580000000000;0.220000000000;0.996875790388;-0.164203497687;-1.161079288075;0.001395283800;0.000831507598;-0.561241078999;-5.351712364122
0.580000000000;0.260000000000;0.996840081329;0.055023751707;-0.941816329622;0.001358711814;0.000947182043;0.188069013228;-5.437464426309
0.580000000000;0.300000000000;0.996800015825;0.270793656418;-0.726006359407;0.001325833139;0.001049280692;0.925562037684;-5.181560600995
0.580000000000;0.340000000000;0.996756138874;0.469548599787;-0.527207539087;0.001299417651;0.001137856623;1.604898595334;-4.600080266674
0.580000000000;0.380000000000;0.996708987295;0.638800077752;-0.357908909543;0.001281925788;0.001213168240;2.183393471835;-3.729559971286
0.580000000000;0.420000000000;0.996659085414;0.767913397489;-0.228745687925;0.001275490647;0.001275490647;2.624697706540;-2.624697706540
0.580000000000;0.460000000000;0.996606948043;0.848775894275;-0.147831053768;0.001281925788;0.001324942772;2.901082531381;-1.354916031930
0.580000000000;0.500000000000;0.996553089993;0.876306680044;-0.120246409949;0.001302735208;0.001361333981;2.995181671340;0.000000000000
0.580000000000;0.540000000000;0.996498041325;0.848775894275;-0.147722147050;0.001339103366;0.001384030644;2.901082531381;1.354916031930
0.580000000000;0.580000000000;0.996442367541;0.767913397489;-0.228528970052;0.001391844590;0.001391844590;2.624697706540;2.624697706540
0.580000000000;0.620000000000;0.996386693758;0.638800077752;-0.357586616006;0.001461292608;0.001382951743;2.183393471835;3.729559971286
0.580000000000;0.660000000000;0.996331731402;0.469548599787;-0.526783131615;0.001547113693;0.001354860574;1.604898595334;4.600080266674
0.580000000000;0.700000000000;0.996278304912;0.270793656418;-0.725484648494;0.001648034493;0.001304465876;0.925562037684;5.181560600995
0.580000000000;0.740000000000;0.996227374132;0.055023751707;-0.941203622425;0.001761493485;0.001228241260;0.188069013228;5.437464426309
0.580000000000;0.780000000000;0.996180045611;-0.164203497687;-1.160383543298;0.001883260399;0.001122636505;-0.561241078999;5.351712364122
0.580000000000;0.820000000000;0.996137563211;-0.373113237423;-1.369250800634;0.002007126485;0.000984738476;-1.275286330132;4.929692531876
0.580000000000;0.860000000000;0.996101266533;-0.558578900237;-1.554680166770;0.002124845468;0.000813202697;-1.909200650968;4.197921987712
0.580000000000;0.900000000000;0.996072506995;-0.708946996440;-1.705019503435;0.002226570296;0.000609342091;-2.423152873355;3.202380566182
0.580000000000;0.940000000000;0.996052519165;-0.814769345532;-1.810821864697;0.002302011177;0.000378070988;-2.784849488976;2.005621796148
0.580000000000;0.980000000000;0.996042261316;-0.869396740132;-1.865439001448;0.002342329600;0.000128223114;-2.971563769244;0.682842432500
0.620000000000;0.020000000000;0.996913635164;-0.723220492062;-1.720134127226;0.001366397628;0.000079022563;-4.222438743434;-0.568032541689
0.620000000000;0.060000000000;0.996907313359;-0.677777888727;-1.674685202086;0.001358442230;0.000235691920;-3.957127388141;-1.668406051396
0.620000000000;0.100000000000;0.996894779811;-0.589748007950;-1.586642787761;0.001343320752;0.000388344403;-3.443175165754;-2.663947472926
0.620000000000;0.140000000000;0.996876245807;-0.464662090893;-1.461538336700;0.001322521245;0.000534648728;-2.712875584590;-3.492103277418
0.620000000000;0.180000000000;0.996852007913;-0.310379745757;-1.307231753669;0.001298072780;0.000672725193;-1.812116053188;-4.100837389933
0.620000000000;0.220000000000;0.996822427792;-0.136595099698;-1.133417527490;0.001272357519;0.000801210420;-0.797494605668;-4.451900807413
0.620000000000;0.260000000000;0.996787911079;0.045772318836;-0.951015592243;0.001247929459;0.000919244610;0.267236360906;-4.523234924217
0.620000000000;0.300000000000;0.996748888223;0.225263694239;-0.771485193983;0.001227366486;0.001026394970;1.315175884098;-4.310357555439
0.620000000000;0.340000000000;0.996705799481;0.390600923271;-0.606104876210;0.001213168240;0.001122535104;2.280478069614;-3.826644569066
0.620000000000;0.380000000000;0.996659085414;0.531395259765;-0.465263825650;0.001207699343;0.001207699343;3.102489431004;-3.102489431004
0.620000000000;0.420000000000;0.996609183534;0.638800077752;-0.357809105782;0.001213168240;0.001281925788;3.729559971286;-2.183393471835
0.620000000000;0.460000000000;0.996556531351;0.706066737511;-0.290489793840;0.001231626347;0.001345095510;4.122288542211;-1.127106870870
0.620000000000;0.500000000000;0.996501575893;0.728968627421;-0.267532948472;0.001264968906;0.001396770043;4.255998563311;0.000000000000
0.620000000000;0.540000000000;0.996444789748;0.706066737511;-0.290378052237;0.001314916353;0.001436026694;4.122288542211;1.127106870870
0.620000000000;0.580000000000;0.996386693758;0.638800077752;-0.357586616006;0.001382951743;0.001461292608;3.729559971286;2.183393471835
0.620000000000;0.620000000000;0.996327886339;0.531395259765;-0.464932626575;0.001470185455;0.001470185455;3.102489431004;3.102489431004
0.620000000000;0.660000000000;0.996269078921;0.390600923271;-0.605668155650;0.001577114189;0.001459383281;2.280478069614;3.826644569066
0.620000000000;0.700000000000;0.996211135677;0.225263694239;-0.770947441437;0.001703241244;0.001424570732;1.315175884098;4.310357555439
0.620000000000;0.740000000000;0.996155113263;0.045772318836;-0.950382794426;0.001846537801;0.001360544282;0.267236360906;4.523234924217
0.620000000000;0.780000000000;0.996102292134;-0.136595099698;-1.132697391832;0.002002765476;0.001261599643;-0.797494605668;4.451900807413
0.620000000000;0.820000000000;0.996054185291;-0.310379745757;-1.306433931048;0.002164769195;0.001122349886;-1.812116053188;4.100837389933
0.620000000000;0.860000000000;0.996012504144;-0.464662090893;-1.460674595036;0.002322001407;0.000939087016;-2.712875584590;3.492103277418
0.620000000000;0.900000000000;0.995979058330;-0.589748007950;-1.585727066280;0.002460731785;0.000711630194;-3.443175165754;2.663947472926
0.620000000000;0.940000000000;0.995955573728;-0.677777888727;-1.673733462455;0.002565511960;0.000445239025;-3.957127388141;1.668406051396
0.620000000000;0.980000000000;0.995943439208;-0.723220492062;-1.719163931270;0.002622234215;0.000151681501;-4.222438743434;0.568032541689
0.660000000000;0.020000000000;0.996862140162;-0.531601640657;-1.528463780819;0.001211642318;0.000075732748;-5.208002362330;-0.417531077207
0.660000000000;0.060000000000;0.996856081542;-0.498199154480;-1.495055236022;0.001206099011;0.000226161919;-4.880764420212;-1.226358218468
0.660000000000;0.100000000000;0.996844047208;-0.433492983179;-1.430337030388;0.001195615417;0.000373557990;-4.246850099376;-1.958128762632
0.660000000000;0.140000000000;0.996826196903;-0.341548853470;-1.338375050372;0.001181341575;0.000516138671;-3.346090567974;-2.566862875147
0.660000000000;0.180000000000;0.996802756114;-0.228143953168;-1.224946709282;0.001164875707;0.000652438949;-2.235083860126;-3.014311552954
0.660000000000;0.220000000000;0.996774001787;-0.100403929233;-1.097177931020;0.001148144038;0.000781364277;-0.983638613283;-3.272359950027
0.660000000000;0.260000000000;0.996740246972;0.033644842834;-0.963095404138;0.001133282018;0.000902191009;0.329612265202;-3.324793936542
0.660000000000;0.300000000000;0.996701826506;0.165579585690;-0.831122240816;0.001122535104;0.001014519473;1.622152392836;-3.168318892288
0.660000000000;0.340000000000;0.996659085414;0.287110354217;-0.709548731197;0.001118189480;0.001118189480;2.812766719769;-2.812766719769
0.660000000000;0.380000000000;0.996612371348;0.390600923271;-0.606011448076;0.001122535104;0.001213168240;3.826644569066;-2.280478069614
0.660000000000;0.420000000000;0.996562031955;0.469548599787;-0.527013432169;0.001137856623;0.001299417651;4.600080266674;-1.604898595334
0.660000000000;0.460000000000;0.996508417936;0.518992810898;-0.477515607037;0.001166442455;0.001376743438;5.084476003216;-0.828477439905
0.660000000000;0.500000000000;0.996451892480;0.535826794979;-0.460625097501;0.001210597717;0.001444623987;5.249395413081;0.000000000000
0.660000000000;0.540000000000;0.996392848017;0.518992810898;-0.477400037118;0.001272641396;0.001502013481;5.084476003216;0.828477439905
0.660000000000;0.580000000000;0.996331731402;0.469548599787;-0.526783131615;0.001354860574;0.001547113693;4.600080266674;1.604898595334
0.660000000000;0.620000000000;0.996269078921;0.390600923271;-0.605668155650;0.001459383281;0.001577114189;3.826644569066;2.280478069614
0.660000000000;0.660000000000;0.996205562267;0.287110354217;-0.709095208049;0.001587916363;0.001587916363;2.812766719769;2.812766719769
0.660000000000;0.700000000000;0.996142045612;0.165579585690;-0.830562459922;0.001741278494;0.001573889489;1.622152392836;3.168318892288
0.660000000000;0.740000000000;0.996079651108;0.033644842834;-0.962434808273;0.001918650999;0.001527765491;0.329612265202;3.324793936542
0.660000000000;0.780000000000;0.996019824373;-0.100403929233;-1.096423753606;0.002116494508;0.001440867900;-0.983638613283;3.272359950027
0.660000000000;0.820000000000;0.995964381676;-0.228143953168;-1.224108334843;0.002327183413;0.001303974407;-2.235083860126;3.014311552954
0.660000000000;0.860000000000;0.995915506420;-0.341548853470;-1.337464359890;0.002537659180;0.001109165287;-3.346090567974;2.566862875147
0.660000000000;0.900000000000;0.995875648453;-0.433492983179;-1.429368631632;0.002728843476;0.000852852644;-4.246850099376;1.958128762632
0.660000000000;0.940000000000;0.995847278209;-0.498199154480;-1.494046432689;0.002877070664;0.000539573418;-4.880764420212;1.226358218468
0.660000000000;0.980000000000;0.995832482579;-0.531601640657;-1.527434123236;0.002958861085;0.000184945368;-5.208002362330;0.417531077207
0.700000000000;0.020000000000;0.996816703779;-0.306580303075;-1.303397006854;0.001062430314;0.000073479256;-5.866328039108;-0.240794599571
0.700000000000;0.060000000000;0.996810825438;-0.287316735110;-1.284127560548;0.001058696079;0.000219665020;-5.497725073566;-0.707253788442
0.700000000000;0.100000000000;0.996799130577;-0.250000000000;-1.246799130577;0.001051700332;0.000363586967;-4.783679822433;-1.129273620688
0.700000000000;0.140000000000;0.996781738481;-0.196974845455;-1.193756583936;0.001042353929;0.000503909017;-3.769058374912;-1.480337038168
0.700000000000;0.180000000000;0.996758817856;-0.131573036947;-1.128331854802;0.001031944436;0.000639527656;-2.517613128069;-1.738385435242
0.700000000000;0.220000000000;0.996730576269;-0.057904010635;-1.054634586904;0.001022060906;0.000769616731;-1.107976989256;-1.887204682084
0.700000000000;0.260000000000;0.996697248517;0.019403337620;-0.977293910897;0.001014519473;0.000893635677;0.371277418646;-1.917443918098
0.700000000000;0.300000000000;0.996659085414;0.095491502813;-0.901167582602;0.001011302431;0.001011302431;1.827203100872;-1.827203100872
0.700000000000;0.340000000000;0.996616344323;0.165579585690;-0.831036758633;0.001014519473;0.001122535104;3.168318892288;-1.622152392836
0.700000000000;0.380000000000;0.996569282606;0.225263694239;-0.771305588367;0.001026394970;0.001227366486;4.310357555439;-1.315175884098
0.700000000000;0.420000000000;0.996518155004;0.270793656418;-0.725724498586;0.001049280692;0.001325833139;5.181560600995;-0.925562037684
0.700000000000;0.460000000000;0.996463215955;0.299308657254;-0.697154558701;0.001085689133;0.001417836605;5.727187137545;-0.477791724464
0.700000000000;0.500000000000;0.996404728076;0.309016994375;-0.687387733701;0.001138338112;0.001502968984;5.912953443121;0.000000000000
0.700000000000;0.540000000000;0.996342978436;0.299308657254;-0.697034321182;0.001210190940;0.001580289551;5.727187137545;0.477791724464
0.700000000000;0.580000000000;0.996278304912;0.270793656418;-0.725484648494;0.001304465876;0.001648034493;5.181560600995;0.925562037684
0.700000000000;0.620000000000;0.996211135677;0.225263694239;-0.770947441437;0.001424570732;0.001703241244;4.310357555439;1.315175884098
0.700000000000;0.660000000000;0.996142045612;0.165579585690;-0.830562459922;0.001573889489;0.001741278494;3.168318892288;1.622152392836
0.700000000000;0.700000000000;0.996071833397;0.095491502813;-0.900580330585;0.001755305368;0.001755305368;1.827203100872;1.827203100872
0.700000000000;0.740000000000;0.996001621183;0.019403337620;-0.976598283562;0.001970293194;0.001735760296;0.371277418646;1.917443918098
0.700000000000;0.780000000000;0.995932972574;-0.057904010635;-1.053836983209;0.002217378143;0.001670132057;-1.107976989256;1.887204682084
0.700000000000;0.820000000000;0.995868010618;-0.131573036947;-1.127441047565;0.002489810770;0.001543514557;-2.517613128069;1.738385435242
0.700000000000;0.860000000000;0.995809491409;-0.196974845455;-1.192784336864;0.002772608422;0.001340747079;-3.769058374912;1.480337038168
0.700000000000;0.900000000000;0.995760750852;-0.250000000000;-1.245760750852;0.003039912276;0.001051041679;-4.783679822433;1.129273620688
0.700000000000;0.940000000000;0.995725408075;-0.287316735110;-1.283042143185;0.003255066135;0.000675256634;-5.497725073566;0.707253788442
0.700000000000;0.980000000000;0.995706730321;-0.306580303075;-1.302287033396;0.003377278376;0.000233471922;-5.866328039108;0.240794599571
0.740000000000;0.020000000000;0.996777145737;-0.062295397528;-1.059072543265;0.000916952547;0.000071998512;-6.156050750344;-0.048928111664
0.740000000000;0.060000000000;0.996771385856;-0.058381148595;-1.055152534451;0.000914554658;0.000215431937;-5.769243441329;-0.143710001792
0.740000000000;0.100000000000;0.996759911182;-0.050798597385;-1.047558508566;0.000910135901;0.000357215841;-5.019933349102;-0.229462063979
0.740000000000;0.140000000000;0.996742808588;-0.040024183477;-1.036766992065;0.000904429376;0.000496382775;-3.955202382528;-0.300796180783
0.740000000000;0.180000000000;0.996720200560;-0.026734902922;-1.023455103482;0.000898487201;0.000632145926;-2.641951504042;-0.353230167298
0.740000000000;0.220000000000;0.996692236914;-0.011765770093;-1.008458007007;0.000893635677;0.000763939314;-1.162697096140;-0.383469403312
0.740000000000;0.260000000000;0.996659085414;0.003942649343;-0.992716436072;0.000891432535;0.000891432535;0.389613846414;-0.389613846414
0.740000000000;0.300000000000;0.996620922311;0.019403337620;-0.977217584691;0.000893635677;0.001014519473;1.917443918098;-0.371277418646
0.740000000000;0.340000000000;0.996577923857;0.033644842834;-0.962933081022;0.000902191009;0.001133282018;3.324793936542;-0.329612265202
0.740000000000;0.380000000000;0.996530259750;0.045772318836;-0.950757940914;0.000919244610;0.001247929459;4.523234924217;-0.267236360906
0.740000000000;0.420000000000;0.996478089500;0.055023751707;-0.941454337793;0.000947182043;0.001358711814;5.437464426309;-0.188069013228
0.740000000000;0.460000000000;0.996421562805;0.060817839895;-0.935603722910;0.000988695272;0.001465800858;6.010038040900;-0.097084597779
0.740000000000;0.500000000000;0.996360825431;0.062790519529;-0.933570305902;0.001046874658;0.001569125794;6.204978862008;0.000000000000
0.740000000000;0.540000000000;0.996296032741;0.060817839895;-0.935478192847;0.001125318375;0.001668141245;6.010038040900;0.097084597779
0.740000000000;0.580000000000;0.996227374132;0.055023751707;-0.941203622425;0.001228241260;0.001761493485;5.437464426309;0.188069013228
0.740000000000;0.620000000000;0.996155113263;0.045772318836;-0.950382794426;0.001360544282;0.001846537801;4.523234924217;0.267236360906
0.740000000000;0.660000000000;0.996079651108;0.033644842834;-0.962434808273;0.001527765491;0.001918650999;3.324793936542;0.329612265202
0.740000000000;0.700000000000;0.996001621183;0.019403337620;-0.976598283562;0.001735760296;0.001970293194;1.917443918098;0.371277418646
0.740000000000;0.740000000000;0.995922027652;0.003942649343;-0.991979378309;0.001989838267;0.001989838267;0.389613846414;0.389613846414
0.740000000000;0.780000000000;0.995842434121;-0.011765770093;-1.007608204214;0.002292914101;0.001960385475;-1.162697096140;0.383469403312
0.740000000000;0.820000000000;0.995765196814;-0.026734902922;-1.022500099736;0.002642073102;0.001859204686;-2.641951504042;0.353230167298
0.740000000000;0.860000000000;0.995693697746;-0.040024183477;-1.035717881223;0.003023051462;0.001659266793;-3.955202382528;0.300796180783
0.740000000000;0.900000000000;0.995632455471;-0.050798597385;-1.046431052855;0.003403131071;0.001335310358;-5.019933349102;0.229462063979
0.740000000000;0.940000000000;0.995586872918;-0.058381148595;-1.053968021513;0.003726003225;0.000876939518;-5.769243441329;0.143710001792
0.740000000000;0.980000000000;0.995562300309;-0.062295397528;-1.057857697837;0.003917907906;0.000307157609;-6.156050750344;0.048928111664
0.780000000000;0.020000000000;0.996743347575;0.185903756952;-0.810839590623;0.000773872667;0.000071081367;-6.058966152565;0.146012709444
0.780000000000;0.060000000000;0.996737661066;0.174222740197;-0.822514920869;0.000772434106;0.000212848374;-5.678259025880;0.428863612800
0.780000000000;0.100000000000;0.996726319705;0.151594667928;-0.845131651777;0.000769859239;0.000353461685;-4.940766001424;0.684767438113
0.780000000000;0.140000000000;0.996709384131;0.119441345148;-0.877268038983;0.000766740471;0.000492260317;-3.892826478232;0.897644806892
0.780000000000;0.180000000000;0.996686938880;0.079783083377;-0.916903855503;0.000763939314;0.000628733957;-2.600286350598;1.054119851146
0.780000000000;0.220000000000;0.996659085414;0.035111757056;-0.961547328359;0.000762562066;0.000762562066;-1.144360668372;1.144360668372
0.780000000000;0.260000000000;0.996625933915;-0.011765770093;-1.008391704008;0.000763939314;0.000893635677;0.383469403312;1.162697096140
0.780000000000;0.300000000000;0.996587594560;-0.057904010635;-1.054491605196;0.000769616731;0.001022060906;1.887204682084;1.107976989256
0.780000000000;0.340000000000;0.996544169042;-0.100403929233;-1.096948098276;0.000781364277;0.001148144038;3.272359950027;0.983638613283
0.780000000000;0.380000000000;0.996495743037;-0.136595099698;-1.133090842735;0.000801210420;0.001272357519;4.451900807413;0.797494605668
0.780000000000;0.420000000000;0.996442380441;-0.164203497687;-1.160645878128;0.000831507598;0.001395283800;5.351712364122;0.561241078999
0.780000000000;0.460000000000;0.996384120333;-0.181494386018;-1.177878506351;0.000875035253;0.001517529220;5.915256150773;0.289722711236
0.780000000000;0.500000000000;0.996320978103;-0.187381314586;-1.183702292689;0.000935146875;0.001639592088;6.107122638680;0.000000000000
0.780000000000;0.540000000000;0.996252952966;-0.181494386018;-1.177747338984;0.001015966643;0.001761656152;5.915256150773;-0.289722711236
0.780000000000;0.580000000000;0.996180045611;-0.164203497687;-1.160383543298;0.001122636505;0.001883260399;5.351712364122;-0.561241078999
0.780000000000;0.620000000000;0.996102292134;-0.136595099698;-1.132697391832;0.001261599643;0.002002765476;4.451900807413;-0.797494605668
0.780000000000;0.660000000000;0.996019824373;-0.100403929233;-1.096423753606;0.001440867900;0.002116494508;3.272359950027;-0.983638613283
0.780000000000;0.700000000000;0.995932972574;-0.057904010635;-1.053836983209;0.001670132057;0.002217378143;1.887204682084;-1.107976989256
0.780000000000;0.740000000000;0.995842434121;-0.011765770093;-1.007608204214;0.001960385475;0.002292914101;0.383469403312;-1.162697096140
0.780000000000;0.780000000000;0.995749539446;0.035111757056;-0.960637782390;0.002322366892;0.002322366892;-1.144360668372;-1.144360668372
0.780000000000;0.820000000000;0.995656644770;0.079783083377;-0.915873561393;0.002762516074;0.002273651918;-2.600286350598;-1.054119851146
0.780000000000;0.860000000000;0.995567647292;0.119441345148;-0.876126302145;0.003274393253;0.002101805048;-3.892826478232;-0.897644806892
0.780000000000;0.900000000000;0.995488500366;0.151594667928;-0.843893832438;0.003823557320;0.001753993442;-4.940766001424;-0.684767438113
0.780000000000;0.940000000000;0.995427327817;0.174222740197;-0.821204587620;0.004327907789;0.001190033470;-5.678259025880;-0.428863612800
0.780000000000;0.980000000000;0.995393297689;0.185903756952;-0.809489540736;0.004650442118;0.000425376603;-6.058966152565;-0.146012709444
0.820000000000;0.020000000000;0.996715235923;0.422421894677;-0.574293341246;0.000632231349;0.000070559950;-5.581174428101;0.331779015020
0.820000000000;0.060000000000;0.996709591127;0.395879573475;-0.600830017652;0.000631449859;0.000211418508;-5.230488712660;0.974490149349
0.820000000000;0.100000000000;0.996698322443;0.344462682729;-0.652235639713;0.000630126476;0.000351522207;-4.551152155010;1.555970483670
0.820000000000;0.140000000000;0.996681469351;0.271401934782;-0.725279534569;0.000628733957;0.000490462851;-3.585849969494;2.039683470043
0.820000000000;0.180000000000;0.996659085414;0.181288005126;-0.815371080289;0.000627967520;0.000627967520;-2.395235642562;2.395235642562
0.820000000000;0.220000000000;0.996631231949;0.079783083377;-0.916848148572;0.000628733957;0.000763939314;-1.054119851146;2.600286350598
0.820000000000;0.260000000000;0.996597970269;-0.026734902922;-1.023332873192;0.000632145926;0.000898487201;0.353230167298;2.641951504042
0.820000000000;0.300000000000;0.996559352973;-0.131573036947;-1.128132389920;0.000639527656;0.001031944436;1.738385435242;2.517613128069
0.820000000000;0.340000000000;0.996515414714;-0.228143953168;-1.224659367882;0.000652438949;0.001164875707;3.014311552954;2.235083860126
0.820000000000;0.380000000000;0.996466162916;-0.310379745757;-1.306845908673;0.000672725193;0.001298072780;4.100837389933;1.812116053188
0.820000000000;0.420000000000;0.996411568892;-0.373113237423;-1.369524806315;0.000702602676;0.001432536647;4.929692531876;1.275286330132
0.820000000000;0.460000000000;0.996351559985;-0.412402652167;-1.408754212152;0.000744791267;0.001569440135;5.448796961902;0.658325676778
0.820000000000;0.500000000000;0.996286013681;-0.425779291565;-1.422065305246;0.000802710944;0.001710057184;5.625533439537;0.000000000000
0.820000000000;0.540000000000;0.996214755410;-0.412402652167;-1.408617407577;0.000880764817;0.001855630876;5.448796961902;-0.658325676778
0.820000000000;0.580000000000;0.996137563211;-0.373113237423;-1.369250800634;0.000984738476;0.002007126485;4.929692531876;-1.275286330132
0.820000000000;0.620000000000;0.996054185291;-0.310379745757;-1.306433931048;0.001122349886;0.002164769195;4.100837389933;-1.812116053188
0.820000000000;0.660000000000;0.995964381676;-0.228143953168;-1.224108334843;0.001303974407;0.002327183413;3.014311552954;-2.235083860126
0.820000000000;0.700000000000;0.995868010618;-0.131573036947;-1.127441047565;0.001543514557;0.002489810770;1.738385435242;-2.517613128069
0.820000000000;0.740000000000;0.995765196814;-0.026734902922;-1.022500099736;0.001859204686;0.002642073102;0.353230167298;-2.641951504042
0.820000000000;0.780000000000;0.995656644770;0.079783083377;-0.915873561393;0.002273651918;0.002762516074;-1.054119851146;-2.600286350598
0.820000000000;0.820000000000;0.995544195528;0.181288005126;-0.814256190402;0.002811231047;0.002811231047;-2.395235642562;-2.395235642562
0.820000000000;0.860000000000;0.995431746286;0.271401934782;-0.724029811504;0.003488448158;0.002720308039;-3.585849969494;-2.039683470043
0.820000000000;0.900000000000;0.995326570885;0.344462682729;-0.650863888156;0.004288797166;0.002388824893;-4.551152155010;-1.555970483670
0.820000000000;0.940000000000;0.995240640295;0.395879573475;-0.599361066819;0.005111628493;0.001703824316;-5.230488712660;-0.974490149349
0.820000000000;0.980000000000;0.995190264940;0.422421894677;-0.572768370263;0.005705510659;0.000629691938;-5.581174428101;-0.331779015020
0.860000000000;0.020000000000;0.996692769067;0.632397711200;-0.364295057867;0.000491371522;0.000070299877;-4.752696988196;0.496698424885
0.860000000000;0.060000000000;0.996687145077;0.592661837209;-0.404025307868;0.000491007504;0.000210743501;-4.454067557231;1.458885885890
0.860000000000;0.100000000000;0.996675909587;0.515686840329;-0.480989069258;0.000490462851;0.000350745783;-3.875572680730;2.329406181278
0.860000000000;0.140000000000;0.996659085414;0.406309342707;-0.590349742707;0.000490101360;0.000490101360;-3.053561319340;3.053561319340
0.860000000000;0.180000000000;0.996636701478;0.271401934782;-0.725234766697;0.000490462851;0.000628733957;-2.039683470043;3.585849969494
0.860000000000;0.220000000000;0.996608786698;0.119441345148;-0.877167441550;0.000492260317;0.000766740471;-0.897644806892;3.892826478232
0.860000000000;0.260000000000;0.996575362241;-0.040024183477;-1.036599545717;0.000496382775;0.000904429376;0.300796180783;3.955202382528
0.860000000000;0.300000000000;0.996536432348;-0.196974845455;-1.193511277802;0.000503909017;0.001042353929;1.480337038168;3.769058374912
0.860000000000;0.340000000000;0.996491973926;-0.341548853470;-1.338040827396;0.000516138671;0.001181341575;2.566862875147;3.346090567974
0.860000000000;0.380000000000;0.996441925022;-0.464662090893;-1.461104015914;0.000534648728;0.001322521245;3.492103277418;2.712875584590
0.860000000000;0.420000000000;0.996386172227;-0.558578900237;-1.554965072464;0.000561386644;0.001467349874;4.197921987712;1.909200650968
0.860000000000;0.460000000000;0.996324537032;-0.617398142970;-1.613722680002;0.000598816197;0.001617637489;4.639969820641;0.985563618896
0.860000000000;0.500000000000;0.996256761228;-0.637423989749;-1.633680750976;0.000650140817;0.001775565637;4.790471285123;0.000000000000
0.860000000000;0.540000000000;0.996182491781;-0.617398142970;-1.613580634751;0.000719643204;0.001943683684;4.639969820641;-0.985563618896
0.860000000000;0.580000000000;0.996101266533;-0.558578900237;-1.554680166770;0.000813202697;0.002124845468;4.197921987712;-1.909200650968
0.860000000000;0.620000000000;0.996012504144;-0.464662090893;-1.460674595036;0.000939087016;0.002322001407;3.492103277418;-2.712875584590
0.860000000000;0.660000000000;0.995915506420;-0.341548853470;-1.337464359890;0.001109165287;0.002537659180;2.566862875147;-3.346090567974
0.860000000000;0.700000000000;0.995809491409;-0.196974845455;-1.192784336864;0.001340747079;0.002772608422;1.480337038168;-3.769058374912
0.860000000000;0.740000000000;0.995693697746;-0.040024183477;-1.035717881223;0.001659266793;0.003023051462;0.300796180783;-3.955202382528
0.860000000000;0.780000000000;0.995567647292;0.119441345148;-0.876126302145;0.002101805048;0.003274393253;-0.897644806892;-3.892826478232
0.860000000000;0.820000000000;0.995431746286;0.271401934782;-0.724029811504;0.002720308039;0.003488448158;-2.039683470043;-3.585849969494
0.860000000000;0.860000000000;0.995288571440;0.406309342707;-0.588979228732;0.003579371167;0.003579371167;-3.053561319340;-3.053561319340
0.860000000000;0.900000000000;0.995145396593;0.515686840329;-0.479458556264;0.004731554693;0.003377173777;-3.875572680730;-2.329406181278
0.860000000000;0.940000000000;0.995018397537;0.592661837209;-0.402356560328;0.006124298356;0.002606746963;-4.454067557231;-1.458885885890
0.860000000000;0.980000000000;0.994936856836;0.632397711200;-0.362539145636;0.007354461367;0.001019258770;-4.752696988196;-0.496698424885
0.900000000000;0.020000000000;0.996675926201;0.802637653733;-0.194038272469;0.000350875714;0.000070195932;-3.625590117326;0.630408445985
0.900000000000;0.060000000000;0.996670310527;0.752204978054;-0.244465332473;0.000350745783;0.000210509837;-3.397780956266;1.851614456815
0.900000000000;0.100000000000;0.996659085414;0.654508497187;-0.342150588227;0.000350616063;0.000350616063;-2.956476721561;2.956476721561
0.900000000000;0.140000000000;0.996642261242;0.515686840329;-0.480955420913;0.000350745783;0.000490462851;-2.329406181278;3.875572680730
0.900000000000;0.180000000000;0.996619848386;0.344462682729;-0.652157165657;0.000351522207;0.000630126476;-1.555970483670;4.551152155010
0.900000000000;0.220000000000;0.996591851124;0.151594667928;-0.844997183196;0.000353461685;0.000769859239;-0.684767438113;4.940766001424
0.900000000000;0.260000000000;0.996558259647;-0.050798597385;-1.047356857032;0.000357215841;0.000910135901;0.229462063979;5.019933349102
0.900000000000;0.300000000000;0.996519040252;-0.250000000000;-1.246519040252;0.000363586967;0.001051700332;1.129273620688;4.783679822433
0.900000000000;0.340000000000;0.996474123621;-0.433492983179;-1.429967106800;0.000373557990;0.001195615417;1.958128762632;4.246850099376
0.900000000000;0.380000000000;0.996423391018;-0.589748007950;-1.586171398968;0.000388344403;0.001343320752;2.663947472926;3.443175165754
0.900000000000;0.420000000000;0.996366657961;-0.708946996440;-1.705313654400;0.000409478975;0.001496704116;3.202380566182;2.423152873355
0.900000000000;0.460000000000;0.996303654689;-0.783600237818;-1.779903892507;0.000438946059;0.001658194309;3.539596310934;1.250874974190
0.900000000000;0.500000000000;0.996234002416;-0.809016994375;-1.805250996791;0.000479392924;0.001830884191;3.654406201745;0.000000000000
0.900000000000;0.540000000000;0.996157183954;-0.783600237818;-1.779757421772;0.000534464485;0.002018692756;3.539596310934;-1.250874974190
0.900000000000;0.580000000000;0.996072506995;-0.708946996440;-1.705019503435;0.000609342091;0.002226570296;3.202380566182;-2.423152873355
0.900000000000;0.620000000000;0.995979058330;-0.589748007950;-1.585727066280;0.000711630194;0.002460731785;2.663947472926;-3.443175165754
0.900000000000;0.660000000000;0.995875648453;-0.433492983179;-1.429368631632;0.000852852644;0.002728843476;1.958128762632;-4.246850099376
0.900000000000;0.700000000000;0.995760750852;-0.250000000000;-1.245760750852;0.001051041679;0.003039912276;1.129273620688;-4.783679822433
0.900000000000;0.740000000000;0.995632455471;-0.050798597385;-1.046431052855;0.001335310358;0.003403131071;0.229462063979;-5.019933349102
0.900000000000;0.780000000000;0.995488500366;0.151594667928;-0.843893832438;0.001753993442;0.003823557320;-0.684767438113;-4.940766001424
0.900000000000;0.820000000000;0.995326570885;0.344462682729;-0.650863888156;0.002388824893;0.004288797166;-1.555970483670;-4.551152155010
0.900000000000;0.860000000000;0.995145396593;0.515686840329;-0.479458556264;0.003377173777;0.004731554693;-2.329406181278;-3.875572680730
0.900000000000;0.900000000000;0.994948046510;0.654508497187;-0.340439549322;0.004933752083;0.004933752083;-2.956476721561;-2.956476721561
0.900000000000;0.940000000000;0.994750696426;0.752204978054;-0.242545718372;0.007299548873;0.004326730990;-3.397780956266;-1.851614456815
0.900000000000;0.980000000000;0.994601908030;0.802637653733;-0.191964254298;0.010233575086;0.001859854949;-3.625590117326;-0.630408445985
0.940000000000;0.020000000000;0.996664699010;0.922444920586;-0.074219778424;0.000210509837;0.000070169946;-2.270674085396;0.724507585944
0.940000000000;0.060000000000;0.996659085414;0.864484313711;-0.132174771704;0.000210483850;0.000210483850;-2.127999281655;2.127999281655
0.940000000000;0.100000000000;0.996647860302;0.752204978054;-0.244442882248;0.000210509837;0.000350745783;-1.851614456815;3.397780956266
0.940000000000;0.140000000000;0.996631025752;0.592661837209;-0.403969188542;0.000210743501;0.000491007504;-1.458885885890;4.454067557231
0.940000000000;0.180000000000;0.996608579702;0.395879573475;-0.600729006226;0.000211418508;0.000631449859;-0.974490149349;5.230488712660
0.940000000000;0.220000000000;0.996580509763;0.174222740197;-0.822357769567;0.000212848374;0.000772434106;-0.428863612800;5.678259025880
0.940000000000;0.260000000000;0.996546784973;-0.058381148595;-1.054927933568;0.000215431937;0.000914554658;0.143710001792;5.769243441329
0.940000000000;0.300000000000;0.996507345391;-0.287316735110;-1.283824080500;0.000219665020;0.001058696079;0.707253788442;5.497725073566
0.940000000000;0.340000000000;0.996462089287;-0.498199154480;-1.494661243767;0.000226161919;0.001206099011;1.226358218468;4.880764420212
0.940000000000;0.380000000000;0.996410857470;-0.677777888727;-1.674188746196;0.000235691920;0.001358442230;1.668406051396;3.957127388141
0.940000000000;0.420000000000;0.996353413909;-0.814769345532;-1.811122759440;0.000249238795;0.001517951530;2.005621796148;2.784849488976
0.940000000000;0.460000000000;0.996289421347;-0.900565847845;-1.896855269192;0.000268096139;0.001687551438;2.216816947286;1.437589254458
0.940000000000;0.500000000000;0.996218409794;-0.929776485888;-1.925994895682;0.000294020335;0.001871084063;2.288721336744;0.000000000000
0.940000000000;0.540000000000;0.996139734622;-0.900565847845;-1.896705582467;0.000329479722;0.002073632851;2.216816947286;-1.437589254458
0.940000000000;0.580000000000;0.996052519165;-0.814769345532;-1.810821864697;0.000378070988;0.002302011177;2.005621796148;-2.784849488976
0.940000000000;0.620000000000;0.995955573728;-0.677777888727;-1.673733462455;0.000445239025;0.002565511960;1.668406051396;-3.957127388141
0.940000000000;0.660000000000;0.995847278209;-0.498199154480;-1.494046432689;0.000539573418;0.002877070664;1.226358218468;-4.880764420212
0.940000000000;0.700000000000;0.995725408075;-0.287316735110;-1.283042143185;0.000675256634;0.003255066135;0.707253788442;-5.497725073566
0.940000000000;0.740000000000;0.995586872918;-0.058381148595;-1.053968021513;0.000876939518;0.003726003225;0.143710001792;-5.769243441329
0.940000000000;0.780000000000;0.995427327817;0.174222740197;-0.821204587620;0.001190033470;0.004327907789;-0.428863612800;-5.678259025880
0.940000000000;0.820000000000;0.995240640295;0.395879573475;-0.599361066819;0.001703824316;0.005111628493;-0.974490149349;-5.230488712660
0.940000000000;0.860000000000;0.995018397537;0.592661837209;-0.402356560328;0.002606746963;0.006124298356;-1.458885885890;-4.454067557231
0.940000000000;0.900000000000;0.994750696426;0.752204978054;-0.242545718372;0.004326730990;0.007299548873;-1.851614456815;-3.397780956266
0.940000000000;0.940000000000;0.994434433628;0.864484313711;-0.129950119917;0.007906569966;0.007906569966;-2.127999281655;-2.127999281655
0.940000000000;0.980000000000;0.994118170829;0.922444920586;-0.071673250243;0.016046715017;0.003953284983;-2.270674085396;-0.724507585944
0.980000000000;0.020000000000;0.996659085414;0.984291580564;-0.012367504850;0.000070169946;0.000070169946;-0.773083249726;0.773083249726
0.980000000000;0.060000000000;0.996653471819;0.922444920586;-0.074208551233;0.000070169946;0.000210509837;-0.724507585944;2.270674085396
0.980000000000;0.100000000000;0.996642244628;0.802637653733;-0.194004590895;0.000070195932;0.000350875714;-0.630408445985;3.625590117326
0.980000000000;0.140000000000;0.996625401762;0.632397711200;-0.364227690562;0.000070299877;0.000491371522;-0.496698424885;4.752696988196
0.980000000000;0.180000000000;0.996602934906;0.422421894677;-0.574181040229;0.000070559950;0.000632231349;-0.331779015020;5.581174428101
0.980000000000;0.220000000000;0.996574823254;0.185903756952;-0.810671066302;0.000071081367;0.000773872667;-0.146012709444;6.058966152565
0.980000000000;0.260000000000;0.996541025092;-0.062295397528;-1.058836422621;0.000071998512;0.000916952547;0.048928111664;6.156050750344
0.980000000000;0.300000000000;0.996501467050;-0.306580303075;-1.303081770125;0.000073479256;0.001062430314;0.240794599571;5.866328039108
0.980000000000;0.340000000000;0.996456030667;-0.531601640657;-1.528057671324;0.000075732748;0.001211642318;0.417531077207;5.208002362330
0.980000000000;0.380000000000;0.996404535665;-0.723220492062;-1.719625027726;0.000079022563;0.001366397628;0.568032541689;4.222438743434
0.980000000000;0.420000000000;0.996346718857;-0.869396740132;-1.865743458989;0.000083688145;0.001529108336;0.682842432500;2.971563769244
0.980000000000;0.460000000000;0.996282206998;-0.960945593601;-1.957227800599;0.000090179368;0.001702975849;0.754746821958;1.533974514786
0.980000000000;0.500000000000;0.996210480789;-0.992114701314;-1.988325182104;0.000099112556;0.001892267774;0.779227692828;0.000000000000
0.980000000000;0.540000000000;0.996130825576;-0.960945593601;-1.957076419177;0.000111363078;0.002102743408;0.754746821958;-1.533974514786
0.980000000000;0.580000000000;0.996042261316;-0.869396740132;-1.865439001448;0.000128223114;0.002342329600;0.682842432500;-2.971563769244
0.980000000000;0.620000000000;0.995943439208;-0.723220492062;-1.719163931270;0.000151681501;0.002622234215;0.568032541689;-4.222438743434
0.980000000000;0.660000000000;0.995832482579;-0.531601640657;-1.527434123236;0.000184945368;0.002958861085;0.417531077207;-5.208002362330
0.980000000000;0.700000000000;0.995706730321;-0.306580303075;-1.302287033396;0.000233471922;0.003377278376;0.240794599571;-5.866328039108
0.980000000000;0.740000000000;0.995562300309;-0.062295397528;-1.057857697837;0.000307157609;0.003917907906;0.048928111664;-6.156050750344
0.980000000000;0.780000000000;0.995393297689;0.185903756952;-0.809489540736;0.000425376603;0.004650442118;-0.146012709444;-6.058966152565
0.980000000000;0.820000000000;0.995190264940;0.422421894677;-0.572768370263;0.000629691938;0.005705510659;-0.331779015020;-5.581174428101
0.980000000000;0.860000000000;0.994936856836;0.632397711200;-0.362539145636;0.001019258770;0.007354461367;-0.496698424885;-4.752696988196
0.980000000000;0.900000000000;0.994601908030;0.802637653733;-0.191964254298;0.001859854949;0.010233575086;-0.630408445985;-3.625590117326
0.980000000000;0.940000000000;0.994118170829;0.922444920586;-0.071673250243;0.003953284983;0.016046715017;-0.724507585944;-2.270674085396
0.980000000000;0.980000000000;0.993318170829;0.984291580564;-0.009026590265;0.010000000000;0.010000000000;-0.773083249726;-0.773083249726
