Tabela de valores para implementação com 625 subintervalos
Tempo de execução = 0.178870000000 seg.

x;y;f(x,y);Vx;Vy
0.020000000000;0.020000000000;1.000000000000;146.262424121155;148.182674671093
0.020000000000;0.060000000000;0.244201583155;178.650592585481;51.674529764686
0.020000000000;0.100000000000;0.058493714520;37.632814515892;0.730084504308
0.020000000000;0.140000000000;0.010433579187;5.368385522068;0.004198278726
0.020000000000;0.180000000000;0.006681885220;0.130206550901;0.001407436820
0.020000000000;0.220000000000;0.005987991129;0.006607846315;0.004617003378
0.020000000000;0.260000000000;0.005915763383;0.002994796057;0.003909609460
0.020000000000;0.300000000000;0.003872436137;0.006257040250;0.000369084585
0.020000000000;0.340000000000;0.002710429566;0.012369870574;-0.043895679965
0.020000000000;0.380000000000;0.002141378300;0.027532622763;-0.100717926551
0.020000000000;0.420000000000;0.001995178847;-0.197929565808;-0.119025563458
0.020000000000;0.460000000000;0.002319245953;-1.002351799593;0.167974746871
0.020000000000;0.500000000000;0.002828014576;-9.622426063352;5.021240439740
0.020000000000;0.540000000000;0.004526292238;-11.640213283466;48.240083117997
0.020000000000;0.580000000000;0.005258511292;-1.676100821603;11.191594111985
0.020000000000;0.620000000000;0.004341235637;1.660190458940;0.867185387237
0.020000000000;0.660000000000;0.002819820057;0.560284789266;-0.460709154597
0.020000000000;0.700000000000;0.001350962776;0.025815075698;-0.065353883246
0.020000000000;0.740000000000;0.001504883298;-0.072400810852;-0.026232115551
0.020000000000;0.780000000000;0.004021056081;-0.010688887377;0.039546318659
0.020000000000;0.820000000000;0.001459432149;0.076605681274;0.008051102802
0.020000000000;0.860000000000;0.000247336051;0.015804367826;-0.003266558690
0.020000000000;0.900000000000;0.000847411262;0.000683782682;-0.000360043597
0.020000000000;0.940000000000;-0.000157420097;-0.238269344855;-0.095052928110
0.020000000000;0.980000000000;0.001347347521;-0.239864642138;-0.026932062969
0.060000000000;0.020000000000;0.140079960351;18.808800402670;150.239162890004
0.060000000000;0.060000000000;0.061692622665;19.630110636751;51.614283888256
0.060000000000;0.100000000000;0.018419450457;0.844035346636;0.744254597357
0.060000000000;0.140000000000;0.008859411705;0.025941515303;0.004631823147
0.060000000000;0.180000000000;0.005850137549;0.005328121942;0.001514503303
0.060000000000;0.220000000000;0.003851641694;0.002258994285;0.004391419563
0.060000000000;0.260000000000;0.003778554455;0.000272336958;-0.002124658840
0.060000000000;0.300000000000;0.003762462102;-0.075355346637;0.013759676057
0.060000000000;0.340000000000;0.005811528013;0.009923839714;0.026176614140
0.060000000000;0.380000000000;0.003795360821;0.186917519714;-0.056577299416
0.060000000000;0.420000000000;0.002498464685;0.191833928314;-0.116341146341
0.060000000000;0.460000000000;0.002173251428;0.524261805981;0.217015668215
0.060000000000;0.500000000000;0.002005989365;8.300315812753;8.263561487080
0.060000000000;0.540000000000;0.001782600724;-138.064526205100;107.959491084564
0.060000000000;0.580000000000;0.002887436311;-174.134529240825;222.926913283575
0.060000000000;0.620000000000;0.003791685820;-28.753505455090;27.674041029970
0.060000000000;0.660000000000;0.004113042258;-0.742797788515;0.911268519480
0.060000000000;0.700000000000;0.004911372668;-0.177241899015;0.052924289063
0.060000000000;0.740000000000;0.003931355151;0.031729863927;-0.020282709737
0.060000000000;0.780000000000;0.002334200802;0.036410514729;0.078028347641
0.060000000000;0.820000000000;0.000885671536;0.026929656680;-0.007527749620
0.060000000000;0.860000000000;0.000462032699;-0.003209409198;-0.004509974634
0.060000000000;0.900000000000;0.001083659455;0.007594050421;0.002840608436
0.060000000000;0.940000000000;0.000505633820;-0.129194558926;-0.138200020364
0.060000000000;0.980000000000;0.001513661234;-0.146568217878;-0.041011868463
0.100000000000;0.020000000000;0.069208559914;0.002785676241;2.054948753498
0.100000000000;0.060000000000;0.068795731749;0.108545732131;0.141628091594
0.100000000000;0.100000000000;0.011692677182;0.107412966271;0.003351777844
0.100000000000;0.140000000000;0.007883802431;0.002367269744;0.000303291593
0.100000000000;0.180000000000;0.005657177378;0.001863067773;0.000086389281
0.100000000000;0.220000000000;0.003986634703;-0.003042931196;-0.000217539981
0.100000000000;0.260000000000;0.005862214247;0.006391092326;-0.006032600235
0.100000000000;0.300000000000;0.002843110399;0.011138639788;0.016175485825
0.100000000000;0.340000000000;0.002796112574;0.006439108758;0.107099222346
0.100000000000;0.380000000000;0.002510589669;0.007883863280;0.097485171856
0.100000000000;0.420000000000;0.002417796468;0.019486200464;0.025080471764
0.100000000000;0.460000000000;0.001834537183;0.058287316403;0.060427172337
0.100000000000;0.500000000000;0.001562879628;3.805469706442;4.029035997931
0.100000000000;0.540000000000;0.001113086735;27.775972665865;78.049149622424
0.100000000000;0.580000000000;0.000787552537;1.529755848208;228.908049356867
0.100000000000;0.620000000000;0.001887046327;-22.475969550330;29.431413537393
0.100000000000;0.660000000000;0.001880832970;0.016942398660;1.387332304186
0.100000000000;0.700000000000;0.001590310482;0.010533673250;0.116342397841
0.100000000000;0.740000000000;0.001851677519;0.004216410795;0.006587361556
0.100000000000;0.780000000000;0.000326723884;-0.055479247228;0.042287460558
0.100000000000;0.820000000000;0.001477607579;-0.055348074187;0.000253696921
0.100000000000;0.860000000000;0.000685267657;0.004791041977;-0.003428853593
0.100000000000;0.900000000000;0.000768076145;-0.005638727524;0.002148564788
0.100000000000;0.940000000000;0.001195185949;-0.027232618271;-0.045219235453
0.100000000000;0.980000000000;0.001724632117;-0.021979818815;-0.014909844269
0.140000000000;0.020000000000;0.077337320258;0.012182528462;-0.001156913303
0.140000000000;0.060000000000;0.011349214131;-0.012026119126;0.195543641904
0.140000000000;0.100000000000;0.016964742307;-0.023176535402;-0.012461232332
0.140000000000;0.140000000000;0.009111549037;0.001092415302;-0.000153563368
0.140000000000;0.180000000000;0.006442061331;0.000108680722;-0.000024344011
0.140000000000;0.220000000000;0.003849142443;0.000004814794;0.000005681326
0.140000000000;0.260000000000;0.005814716054;0.000113784625;0.000071430132
0.140000000000;0.300000000000;0.001291463828;0.000698796170;0.004731811078
0.140000000000;0.340000000000;0.001009436020;-0.011872222033;0.051373816109
0.140000000000;0.380000000000;0.001290015866;-0.085197627744;0.186802200632
0.140000000000;0.420000000000;0.001749956286;-0.068922100887;0.490662263850
0.140000000000;0.460000000000;0.001727216291;0.156111219227;0.478500167262
0.140000000000;0.500000000000;0.001244192437;1.912340141922;2.184327260717
0.140000000000;0.540000000000;0.000702023674;9.565523024028;32.604986112303
0.140000000000;0.580000000000;0.000503852820;-14.653003952221;40.422602613360
0.140000000000;0.620000000000;0.001666210551;-23.086468365154;12.793542084737
0.140000000000;0.660000000000;0.001860280682;-0.614074616863;-3.536757998948
0.140000000000;0.700000000000;0.001664381234;0.014460620823;-0.073569618526
0.140000000000;0.740000000000;0.001624600745;0.019983151852;-0.004325687040
0.140000000000;0.780000000000;0.000265697044;-0.107014703133;-0.574990843633
0.140000000000;0.820000000000;0.001300886551;-0.127480754526;-0.125774307792
0.140000000000;0.860000000000;0.001552033346;-0.001390225675;-0.003211522220
0.140000000000;0.900000000000;0.002160746639;-0.000028927245;-0.001112154779
0.140000000000;0.940000000000;0.001617872502;-0.000342086773;-0.002969734750
0.140000000000;0.980000000000;0.001888996037;-0.000717415667;-0.000948734746
0.180000000000;0.020000000000;0.074479780536;0.026873353601;0.021237540341
0.180000000000;0.060000000000;0.012866429257;0.021205911532;-0.323985772743
0.180000000000;0.100000000000;0.018619943010;-0.005279744377;-0.002029910418
0.180000000000;0.140000000000;0.009795976656;0.000424491155;0.000013725841
0.180000000000;0.180000000000;0.006795723621;0.000039946404;-0.000008493502
0.180000000000;0.220000000000;0.005053418622;0.000011165791;-0.000001870097
0.180000000000;0.260000000000;0.000748554730;0.000030185735;0.000069493709
0.180000000000;0.300000000000;-0.000241711878;-0.000771565333;0.001963428248
0.180000000000;0.340000000000;0.000024405484;0.003201232175;0.015334027430
0.180000000000;0.380000000000;-0.000204317373;-0.017148653537;0.148367923523
0.180000000000;0.420000000000;-0.000021209484;0.027406815845;0.737477830881
0.180000000000;0.460000000000;-0.000109909182;-0.194972835732;1.041067948903
0.180000000000;0.500000000000;0.000248707953;0.310862462691;2.404867508668
0.180000000000;0.540000000000;-0.000002768178;3.356461002209;17.955676006867
0.180000000000;0.580000000000;-0.000148603811;-43.801468856910;33.097322422225
0.180000000000;0.620000000000;0.001143365168;-142.298127807492;29.921490909655
0.180000000000;0.660000000000;0.002838206751;-91.981238959368;-23.302347899181
0.180000000000;0.700000000000;0.002653628334;10.121485110754;-2.121133110559
0.180000000000;0.740000000000;0.001949101995;-1.870700468133;7.631448935596
0.180000000000;0.780000000000;0.002866712919;-7.567515785934;19.366157066693
0.180000000000;0.820000000000;0.001996606218;0.710928760726;0.616230315692
0.180000000000;0.860000000000;0.002115066847;-0.000486346354;0.000402712240
0.180000000000;0.900000000000;0.002424980349;-0.000131314131;0.000180006144
0.180000000000;0.940000000000;0.002591614620;0.000281782793;-0.000656398840
0.180000000000;0.980000000000;0.002016422402;0.000323055596;0.000045473484
0.220000000000;0.020000000000;0.028026528744;-0.355890341755;-0.603921901925
0.220000000000;0.060000000000;0.079960083394;-0.338058111823;-0.265363121242
0.220000000000;0.100000000000;0.020227387777;0.018256313599;-0.001214498317
0.220000000000;0.140000000000;0.008042751461;0.000430636833;-0.000286980641
0.220000000000;0.180000000000;0.007419715106;0.000008362631;-0.000008953631
0.220000000000;0.220000000000;0.003882344997;0.000003252423;0.000000513668
0.220000000000;0.260000000000;0.000823403152;0.000006495871;-0.000001420363
0.220000000000;0.300000000000;-0.000412514657;0.000013898053;0.000015151700
0.220000000000;0.340000000000;-0.000505798149;0.000205650202;0.001022041678
0.220000000000;0.380000000000;-0.000605532472;0.002000013031;0.015435558402
0.220000000000;0.420000000000;-0.000642600366;0.324185575401;0.276525226293
0.220000000000;0.460000000000;-0.001679176111;0.250909974276;0.684303015360
0.220000000000;0.500000000000;-0.001467252302;-0.531575984726;1.690242010821
0.220000000000;0.540000000000;-0.000793301017;0.655138520477;4.805501933614
0.220000000000;0.580000000000;-0.001080323349;-8.232649409280;10.601156522681
0.220000000000;0.620000000000;0.000058429647;-54.230461369541;19.416208281565
0.220000000000;0.660000000000;0.003710066512;-39.968183271528;-20.356943388158
0.220000000000;0.700000000000;0.002972587475;16.643085596910;-4.812952138327
0.220000000000;0.740000000000;0.001039113709;14.376087742833;8.393086024654
0.220000000000;0.780000000000;0.000733983472;2.987118125981;22.009548511077
0.220000000000;0.820000000000;0.000395432349;0.339354292601;0.933150276985
0.220000000000;0.860000000000;0.000664837168;-0.000807799459;0.003626516494
0.220000000000;0.900000000000;0.001422154091;-0.001014536379;0.001204698719
0.220000000000;0.940000000000;0.002272736110;-0.000031588467;0.004760838038
0.220000000000;0.980000000000;0.001800184168;0.000550259224;0.002774491619
0.260000000000;0.020000000000;0.034929531950;-0.671180137504;-2.438324464748
0.260000000000;0.060000000000;0.070162051567;-0.476067450959;0.279942392248
0.260000000000;0.100000000000;0.023044070049;0.196678759017;-0.046578432149
0.260000000000;0.140000000000;0.017414213009;0.001597908006;-0.000146079115
0.260000000000;0.180000000000;0.008808325083;0.000032444521;-0.000007746016
0.260000000000;0.220000000000;0.003668530165;0.000000593031;0.000000105884
0.260000000000;0.260000000000;0.003836921606;0.000001576327;-0.000001052879
0.260000000000;0.300000000000;-0.000194330515;0.000004232862;0.000000876251
0.260000000000;0.340000000000;-0.000597069706;0.000050612066;0.000066251895
0.260000000000;0.380000000000;-0.000707522327;0.000033370348;0.004600820591
0.260000000000;0.420000000000;-0.000704863233;0.157452753954;0.030440078851
0.260000000000;0.460000000000;-0.002007193184;0.744499665748;0.401940317909
0.260000000000;0.500000000000;-0.005341493466;0.304616804735;2.064319865444
0.260000000000;0.540000000000;-0.003479003371;-0.445158886307;1.686540480402
0.260000000000;0.580000000000;-0.002767988508;-0.786011710683;0.784426990120
0.260000000000;0.620000000000;0.001824182048;-0.996320554244;-0.326727758470
0.260000000000;0.660000000000;0.003820406297;-0.016733650940;-0.869873115987
0.260000000000;0.700000000000;0.003713537224;7.035297484974;-2.727947514230
0.260000000000;0.740000000000;0.000785541110;8.106770380756;4.303342632889
0.260000000000;0.780000000000;-0.000116598900;1.548885421076;4.363966051115
0.260000000000;0.820000000000;-0.001031300379;0.122662772136;0.324752555642
0.260000000000;0.860000000000;-0.001369608775;0.000259803932;0.007369063989
0.260000000000;0.900000000000;-0.000220221405;-0.001682677591;0.001708289969
0.260000000000;0.940000000000;0.000053231931;-0.003603706601;0.007440998071
0.260000000000;0.980000000000;0.000488560065;-0.003230044924;0.012803304901
0.300000000000;0.020000000000;0.051424244163;-0.958512981303;-13.162122715437
0.300000000000;0.060000000000;0.058582385280;1.038349069204;0.721793426473
0.300000000000;0.100000000000;0.032365996929;1.998863918440;-5.394709542119
0.300000000000;0.140000000000;0.015293276740;0.002008452823;-0.002520316107
0.300000000000;0.180000000000;0.011711865093;0.000007594556;-0.000028539984
0.300000000000;0.220000000000;0.002227216248;0.000000912435;0.000000351262
0.300000000000;0.260000000000;0.003342234835;0.000001397769;0.000000912314
0.300000000000;0.300000000000;-0.000614598451;0.000003558411;0.000014839921
0.300000000000;0.340000000000;-0.000694090503;0.001327187866;0.000897151209
0.300000000000;0.380000000000;-0.002243386531;-0.002203234552;0.016195468250
0.300000000000;0.420000000000;-0.001443587043;0.061104459088;0.047031786482
0.300000000000;0.460000000000;-0.003248804547;1.963479021620;0.384106504685
0.300000000000;0.500000000000;-0.018133801059;1.738036291154;1.359212933867
0.300000000000;0.540000000000;-0.014537760289;-0.255067878958;0.607221959796
0.300000000000;0.580000000000;-0.005305952977;-0.128731865503;0.037573189945
0.300000000000;0.620000000000;0.000838513021;-0.067064053303;0.002581157411
0.300000000000;0.660000000000;0.004048815227;0.410415240154;-0.328659367485
0.300000000000;0.700000000000;0.003706248931;31.887332889902;0.764713688500
0.300000000000;0.740000000000;-0.000517671291;34.076882999989;2.368214383714
0.300000000000;0.780000000000;-0.002152209537;2.773022564432;4.749376859435
0.300000000000;0.820000000000;-0.004099640413;0.140629651188;0.180651789110
0.300000000000;0.860000000000;-0.004155507740;-0.001874506554;0.007796245857
0.300000000000;0.900000000000;-0.001457508055;-0.003123755420;0.001954717418
0.300000000000;0.940000000000;-0.000309772452;0.004082070836;0.009906246734
0.300000000000;0.980000000000;-0.001020793424;0.005168728316;0.018495420620
0.340000000000;0.020000000000;0.329952083263;11.740252285041;-12.437528066189
0.340000000000;0.060000000000;0.055466898925;5.776473508032;1.737345507279
0.340000000000;0.100000000000;0.185449649135;-5.936075553224;-6.079631880710
0.340000000000;0.140000000000;0.051294361554;0.027803055079;-0.007580559744
0.340000000000;0.180000000000;0.030199372638;0.000116962505;-0.000063485708
0.340000000000;0.220000000000;-0.000558437299;0.000016369969;0.000001279432
0.340000000000;0.260000000000;0.000926425071;0.000004874913;0.000007165462
0.340000000000;0.300000000000;-0.001131110179;0.000244338318;0.000119231050
0.340000000000;0.340000000000;-0.002106826917;0.006825821461;0.003356008717
0.340000000000;0.380000000000;-0.008618428168;0.000641807334;0.023295150934
0.340000000000;0.420000000000;-0.005764310088;0.006051143723;0.084255103082
0.340000000000;0.460000000000;-0.008245436880;0.122004620935;0.123931840120
0.340000000000;0.500000000000;-0.017328655946;0.108494955529;-0.026434851807
0.340000000000;0.540000000000;-0.017218743869;-0.106158956892;-0.026014016630
0.340000000000;0.580000000000;-0.006291157057;-0.148884013488;0.021718334608
0.340000000000;0.620000000000;0.002462470636;-0.065420904195;-0.018046126698
0.340000000000;0.660000000000;0.005894387097;0.087304661985;-0.088873452873
0.340000000000;0.700000000000;0.002783997159;2.146736566477;0.767996706001
0.340000000000;0.740000000000;-0.000152184298;6.968544517242;-0.902912805619
0.340000000000;0.780000000000;-0.005641214254;4.943577945163;2.459195367911
0.340000000000;0.820000000000;-0.006495602508;0.012613089848;0.025163877250
0.340000000000;0.860000000000;-0.006162343509;-0.002639127324;-0.000527051415
0.340000000000;0.900000000000;-0.003668825936;-0.003695866460;0.002662053109
0.340000000000;0.940000000000;-0.001937653223;0.001862175848;0.010004134386
0.340000000000;0.980000000000;-0.003239182776;0.003588519669;0.009947487845
0.380000000000;0.020000000000;1.148865283459;1.493709502681;-0.889137100666
0.380000000000;0.060000000000;0.030537751234;0.216342161161;-0.461163675015
0.380000000000;0.100000000000;0.395469831981;-1.237097793496;-0.766117763100
0.380000000000;0.140000000000;0.108345190065;0.040498248150;-0.007246249695
0.380000000000;0.180000000000;0.048062890201;0.000300985730;-0.000105706284
0.380000000000;0.220000000000;-0.002617791028;0.000070308331;0.000001138211
0.380000000000;0.260000000000;-0.001651675072;-0.000003301557;0.000007594650
0.380000000000;0.300000000000;-0.001591928255;0.002442467389;0.000911689574
0.380000000000;0.340000000000;-0.005185427601;0.014513105081;0.007970800556
0.380000000000;0.380000000000;-0.014153652668;0.046304829366;0.015337749603
0.380000000000;0.420000000000;-0.026358590492;0.035009312530;0.078987803020
0.380000000000;0.460000000000;-0.026922631249;-0.013569335539;0.031991591086
0.380000000000;0.500000000000;-0.016360038428;-0.035863445268;-0.005198836395
0.380000000000;0.540000000000;-0.011324585011;-0.073991507704;-0.063279262549
0.380000000000;0.580000000000;-0.007660613026;-0.221879777258;0.026987501809
0.380000000000;0.620000000000;0.004420194894;-0.204022205708;0.027755363927
0.380000000000;0.660000000000;0.007878242028;0.041914736813;-0.011070316115
0.380000000000;0.700000000000;0.001967461500;0.220956123322;0.052290262335
0.380000000000;0.740000000000;-0.001649857929;0.288195773525;0.293185883114
0.380000000000;0.780000000000;-0.005871325854;0.139576053692;0.004065092639
0.380000000000;0.820000000000;-0.004998211832;-0.005886760311;-0.012677358166
0.380000000000;0.860000000000;-0.004561195874;-0.000052846331;0.019440255051
0.380000000000;0.900000000000;-0.006346122392;0.001226434871;0.010133131669
0.380000000000;0.940000000000;-0.005505135959;-0.000466952287;0.004846695656
0.380000000000;0.980000000000;-0.005395604239;-0.000051429501;0.002235185890
0.420000000000;0.020000000000;0.839189119295;0.393022801646;0.448893530925
0.420000000000;0.060000000000;0.431801547234;0.371858665997;-2.138135264128
0.420000000000;0.100000000000;0.483006713105;0.002725881982;-0.021774894745
0.420000000000;0.140000000000;0.152105146806;0.024427742217;-0.003355784271
0.420000000000;0.180000000000;0.074240016766;0.000845374202;-0.000138982838
0.420000000000;0.220000000000;-0.002688184756;0.000299597768;0.000004893019
0.420000000000;0.260000000000;-0.001712003191;0.000174426256;0.000076249658
0.420000000000;0.300000000000;-0.002559457514;0.012479709090;0.001650791989
0.420000000000;0.340000000000;-0.009952897026;0.026393759856;-0.003330983863
0.420000000000;0.380000000000;-0.015164749823;0.073040106833;-0.112566410519
0.420000000000;0.420000000000;-0.034631037958;0.053931023726;-0.043141576635
0.420000000000;0.460000000000;-0.027862817156;-0.013198618695;0.002500535427
0.420000000000;0.500000000000;-0.015858263838;-0.015323160362;0.038971343798
0.420000000000;0.540000000000;-0.012494063548;-0.037950745521;0.049967956214
0.420000000000;0.580000000000;-0.008433883408;-0.092882498590;0.005425869549
0.420000000000;0.620000000000;-0.000704753300;-0.066235932671;0.070161551335
0.420000000000;0.660000000000;0.001566124410;0.000071923777;0.018666860193
0.420000000000;0.700000000000;-0.001308944854;0.015504384890;0.017839823277
0.420000000000;0.740000000000;-0.007488152801;0.006045271275;0.018749627300
0.420000000000;0.780000000000;-0.003582606963;-0.006670221647;-0.005571131480
0.420000000000;0.820000000000;-0.002743791993;0.020953776756;-0.004668247900
0.420000000000;0.860000000000;-0.007553642463;0.053725294421;0.024895487713
0.420000000000;0.900000000000;-0.017349633949;0.024544100305;0.004367714325
0.420000000000;0.940000000000;-0.009109574223;-0.008060015620;0.000798145413
0.420000000000;0.980000000000;-0.006629482049;-0.001282713765;-0.000277381061
0.460000000000;0.020000000000;0.471945676126;-0.234762084451;0.358932457635
0.460000000000;0.060000000000;0.743358378845;-0.109978735464;0.524018820951
0.460000000000;0.100000000000;0.424862092190;0.164543251490;0.096984527310
0.460000000000;0.140000000000;0.168031141587;0.044211727033;-0.002405341304
0.460000000000;0.180000000000;0.084832061915;0.007873636358;-0.000996157677
0.460000000000;0.220000000000;-0.003300205843;0.003348158282;0.000189955814
0.460000000000;0.260000000000;-0.002248228235;0.000384708614;0.000613755021
0.460000000000;0.300000000000;-0.004386618974;0.000142249040;0.000677985655
0.460000000000;0.340000000000;-0.003668267084;-0.000520064302;-0.013662753964
0.460000000000;0.380000000000;-0.003577965552;0.339739734171;-0.193639054535
0.460000000000;0.420000000000;-0.017779602096;0.595472467296;-0.963431654255
0.460000000000;0.460000000000;-0.030029958213;0.291511604490;-0.156128376209
0.460000000000;0.500000000000;-0.035415627526;-0.016731875259;-0.045707592670
0.460000000000;0.540000000000;-0.022139147096;-0.137579411890;0.053185311708
0.460000000000;0.580000000000;-0.007992291570;-0.108791577954;0.192299236432
0.460000000000;0.620000000000;-0.005632703017;-0.021914259364;0.137245998470
0.460000000000;0.660000000000;-0.007824966387;0.003154457934;0.014907897935
0.460000000000;0.700000000000;-0.011390884728;0.001385378696;0.005277666243
0.460000000000;0.740000000000;-0.013047714619;-0.001448578095;0.001389583204
0.460000000000;0.780000000000;-0.002784809514;-0.000887464991;0.000809336231
0.460000000000;0.820000000000;-0.004460556608;0.004124308649;0.002402787737
0.460000000000;0.860000000000;-0.009590997272;0.004732498797;0.002399688688
0.460000000000;0.900000000000;-0.012113497008;-0.001374600298;-0.004297840820
0.460000000000;0.940000000000;-0.007347313534;-0.004283277720;-0.002809967868
0.460000000000;0.980000000000;-0.005181160111;-0.001495848907;-0.001405875413
0.500000000000;0.020000000000;0.265708643230;0.098578963949;0.160105159996
0.500000000000;0.060000000000;0.131650074805;-0.277342934836;1.629790517069
0.500000000000;0.100000000000;0.241151496696;-0.235012779838;1.174129051321
0.500000000000;0.140000000000;0.174711407757;0.185026991412;0.059307093466
0.500000000000;0.180000000000;0.099317609444;0.076054260565;-0.029646950477
0.500000000000;0.220000000000;-0.005777124366;0.031910693595;0.000129698759
0.500000000000;0.260000000000;-0.005638741929;-0.000387949967;-0.000035777646
0.500000000000;0.300000000000;-0.003815411080;-0.001834547932;-0.001544954934
0.500000000000;0.340000000000;-0.001485024463;-0.002885222739;-0.011099654388
0.500000000000;0.380000000000;-0.001435371531;6.095475007571;0.953320210005
0.500000000000;0.420000000000;-0.004741462548;36.757036861207;172.544335704356
0.500000000000;0.460000000000;-0.024635610137;30.671304830063;-3.986551035758
0.500000000000;0.500000000000;-0.024738699471;-0.020112174108;-0.424526454707
0.500000000000;0.540000000000;-0.023929336185;-0.260859746750;0.049318378837
0.500000000000;0.580000000000;-0.016856985974;-0.280971090249;0.515448884742
0.500000000000;0.620000000000;-0.015060709289;-0.039292346867;0.098813975472
0.500000000000;0.660000000000;-0.019557846423;0.012230216668;0.000765117238
0.500000000000;0.700000000000;-0.020729755685;0.000001659152;0.000909946335
0.500000000000;0.740000000000;-0.017878449402;-0.000483355020;0.000346387424
0.500000000000;0.780000000000;-0.011705694896;-0.000178596637;0.001858429050
0.500000000000;0.820000000000;-0.017247217298;0.000132095156;0.000463316628
0.500000000000;0.860000000000;-0.014731056840;-0.000055178836;0.000099546028
0.500000000000;0.900000000000;-0.012677745488;-0.000332662553;0.000017961568
0.500000000000;0.940000000000;-0.001723580659;0.000091050140;-0.001770170820
0.500000000000;0.980000000000;-0.003589162457;0.000399717002;-0.000529295338
0.540000000000;0.020000000000;0.158892714833;0.149347294890;-0.117282533358
0.540000000000;0.060000000000;0.019633328273;-1.199129651740;0.301399440005
0.540000000000;0.100000000000;0.066957821499;-7.583561964581;-7.564015494569
0.540000000000;0.140000000000;0.154920954136;-6.223171808837;-34.587236475245
0.540000000000;0.180000000000;0.150265354736;0.113303840088;-0.561810392857
0.540000000000;0.220000000000;-0.005607641869;0.099906230921;0.003543155129
0.540000000000;0.260000000000;-0.003473193266;-0.007418459777;-0.000618408318
0.540000000000;0.300000000000;-0.001651942748;-0.022545414854;-0.005984131380
0.540000000000;0.340000000000;-0.001264955555;1.174741512305;-0.063061758730
0.540000000000;0.380000000000;-0.001932443676;632.987751709619;171.961917646306
0.540000000000;0.420000000000;-0.020094824922;630.663260326931;165.553619133128
0.540000000000;0.460000000000;-0.019087738321;-0.964767395255;-3.531663379941
0.540000000000;0.500000000000;-0.020086634051;0.656204780906;-0.370666676655
0.540000000000;0.540000000000;-0.024745997304;0.578932146557;-0.233908192890
0.540000000000;0.580000000000;-0.026771911410;-0.115249051237;0.338883294657
0.540000000000;0.620000000000;-0.014617839919;-0.203590491970;-0.003887538004
0.540000000000;0.660000000000;-0.015279632382;0.003858383900;-0.013577420661
0.540000000000;0.700000000000;-0.020364758767;0.000919614572;-0.001179358038
0.540000000000;0.740000000000;-0.018882598366;0.000176942728;0.000271473457
0.540000000000;0.780000000000;-0.027675557731;0.000349884932;0.000485495704
0.540000000000;0.820000000000;-0.024664865553;-0.000009414520;0.000016553021
0.540000000000;0.860000000000;-0.022856616654;-0.000003334941;0.000003244460
0.540000000000;0.900000000000;-0.013833433875;-0.000016917671;0.000002969540
0.540000000000;0.940000000000;-0.002045611243;0.000017579011;0.000016892811
0.540000000000;0.980000000000;-0.003874496860;0.000031794051;0.000011436715
0.580000000000;0.020000000000;0.370336567030;0.893390369911;0.227973288608
0.580000000000;0.060000000000;0.036110376386;-5.465247869476;-17.567091009113
0.580000000000;0.100000000000;0.175147167855;-46.344897843815;-13.640273141142
0.580000000000;0.140000000000;0.440786378842;-39.317242798815;-34.753237218748
0.580000000000;0.180000000000;0.392594473610;1.398867464511;-6.508109149409
0.580000000000;0.220000000000;-0.011496598295;0.714287214143;0.016055618739
0.580000000000;0.260000000000;-0.003459242533;-0.070476479186;0.027749586337
0.580000000000;0.300000000000;-0.001541716947;-0.312674651526;-0.095710454109
0.580000000000;0.340000000000;-0.001232589857;136.232836743155;7.215076314219
0.580000000000;0.380000000000;-0.004832080161;304.273877858307;2708.784785548658
0.580000000000;0.420000000000;-0.019320312369;168.080277850741;13.598987383847
0.580000000000;0.460000000000;-0.023125201452;0.222038898803;0.474216671212
0.580000000000;0.500000000000;-0.018280944031;-0.090163441384;-0.009015036552
0.580000000000;0.540000000000;-0.017133963402;0.128731477788;-0.257703538872
0.580000000000;0.580000000000;-0.028397055223;0.049072263596;-0.109313199726
0.580000000000;0.620000000000;-0.015024897391;-0.102393289928;0.028229084519
0.580000000000;0.660000000000;-0.013301212904;-0.004164494148;-0.015289059294
0.580000000000;0.700000000000;-0.014902569570;0.010808300111;-0.022492395807
0.580000000000;0.740000000000;-0.019729410276;0.007909071805;-0.018064585409
0.580000000000;0.780000000000;-0.024173598204;0.000457044503;-0.001720299455
0.580000000000;0.820000000000;-0.022276224792;-0.000009076671;-0.000093899262
0.580000000000;0.860000000000;-0.023759984098;0.000000155936;-0.000001039435
0.580000000000;0.900000000000;-0.022807965838;-0.000003392396;0.000003390682
0.580000000000;0.940000000000;-0.005200763454;-0.000003267220;0.000010586550
0.580000000000;0.980000000000;-0.005237611741;0.000000036508;0.000003492620
0.620000000000;0.020000000000;0.222336583470;-10.948946856308;-2.523572279544
0.620000000000;0.060000000000;0.551535241969;-11.964102182348;-60.754702242911
0.620000000000;0.100000000000;0.658107157745;1.071701344962;-6.890072603631
0.620000000000;0.140000000000;0.442180202254;-9.391336725217;-6.481148354605
0.620000000000;0.180000000000;1.071477750266;-8.072706890389;-3.065444253512
0.620000000000;0.220000000000;-0.020974290561;3.365795266842;-0.006687046208
0.620000000000;0.260000000000;-0.006677488883;-0.103689006888;0.034720507868
0.620000000000;0.300000000000;-0.001407730128;-0.092745215374;-0.144795332500
0.620000000000;0.340000000000;-0.001399268168;12290.531717599060;-1.146904831226
0.620000000000;0.380000000000;-0.016761906290;12397.363676135410;898.604542027275
0.620000000000;0.420000000000;-0.022161639254;107.170386831489;486.982373899352
0.620000000000;0.460000000000;-0.028376762325;0.363073061235;0.750874563714
0.620000000000;0.500000000000;-0.026952389394;-0.017429376536;0.035964134473
0.620000000000;0.540000000000;-0.020051090514;-0.032620091615;0.026382127828
0.620000000000;0.580000000000;-0.015616394670;0.009376066862;-0.178205523869
0.620000000000;0.620000000000;-0.019628741095;0.008288389106;0.020768471331
0.620000000000;0.660000000000;-0.006980571939;-0.024729797557;-0.009700912835
0.620000000000;0.700000000000;-0.003916839368;-0.003777350654;-0.020422913721
0.620000000000;0.740000000000;-0.004322137977;0.000628860246;-0.019562088293
0.620000000000;0.780000000000;-0.004527122159;0.000018860360;-0.002492413470
0.620000000000;0.820000000000;-0.004015367130;-0.000001022959;-0.001840119616
0.620000000000;0.860000000000;-0.016652370453;0.000049600600;-0.000149112208
0.620000000000;0.900000000000;-0.033555608963;-0.000006866001;-0.000010477428
0.620000000000;0.940000000000;-0.008227234564;-0.000022443496;-0.000025584324
0.620000000000;0.980000000000;-0.006192733819;-0.000003581130;-0.000008258455
0.660000000000;0.020000000000;0.272390241457;-168.264633995920;-4.885416524922
0.660000000000;0.060000000000;1.408355021368;-166.200335916696;-9.261817971017
0.660000000000;0.100000000000;1.102650453063;1.527645630892;-0.331247733916
0.660000000000;0.140000000000;1.239487334097;2.226805188593;-1.770626704717
0.660000000000;0.180000000000;0.552663095262;5.361584025135;5.577877733089
0.660000000000;0.220000000000;-0.014070750427;2.533938922734;-0.070904565014
0.660000000000;0.260000000000;-0.007395077489;-0.337511179254;0.478967033696
0.660000000000;0.300000000000;-0.001363888190;-0.392358830702;10.810349468139
0.660000000000;0.340000000000;-0.001300329981;901.323676960277;8.018549461180
0.660000000000;0.380000000000;-0.012894249300;3838.961380152425;-1622.996939597878
0.660000000000;0.420000000000;-0.050567383287;2930.802840409783;335.791132853818
0.660000000000;0.460000000000;-0.039034041286;-6.735932465601;-2.345265252086
0.660000000000;0.500000000000;-0.034384849504;-0.032338732387;0.018640167398
0.660000000000;0.540000000000;-0.027052833884;-0.049754517926;0.017492658917
0.660000000000;0.580000000000;-0.011197233852;0.019308723248;0.014821138546
0.660000000000;0.620000000000;-0.018862126660;0.024322880546;-0.001833057676
0.660000000000;0.660000000000;-0.006814552101;-0.035462023348;0.063751129299
0.660000000000;0.700000000000;-0.004529604379;-0.004306503482;0.016756511716
0.660000000000;0.740000000000;0.001173824663;-0.001710283844;-0.001469604419
0.660000000000;0.780000000000;0.005465038599;-0.001451243399;-0.001132604857
0.660000000000;0.820000000000;0.015350224564;-0.001987245958;-0.002147712882
0.660000000000;0.860000000000;0.034619518064;-0.000567065687;-0.000269950702
0.660000000000;0.900000000000;-0.018515289160;0.000203909814;-0.000097831943
0.660000000000;0.940000000000;-0.000357234950;0.000157268577;-0.000218848875
0.660000000000;0.980000000000;-0.003248410671;0.000281670944;-0.000137737862
0.700000000000;0.020000000000;0.278278970274;-104.464569780474;-1.720578648520
0.700000000000;0.060000000000;1.032057408675;-90.631169141430;104.813580617062
0.700000000000;0.100000000000;0.868281933525;30.780063205307;40.660253834571
0.700000000000;0.140000000000;0.707540793631;185.544142353367;208.949260073917
0.700000000000;0.180000000000;0.189502852242;531.229234833346;173.866193535715
0.700000000000;0.220000000000;-0.009796383340;395.581751594597;-54.475224407849
0.700000000000;0.260000000000;-0.017619719556;30.421835070057;67.272178924118
0.700000000000;0.300000000000;-0.015382731645;-2.457884734180;36.990237742146
0.700000000000;0.340000000000;-0.015496587222;5.628882401238;46.564040824110
0.700000000000;0.380000000000;-0.024037051299;-3.782473653952;29.729594801465
0.700000000000;0.420000000000;-0.015205411513;-1.071657878903;-113.789921635481
0.700000000000;0.460000000000;-0.029701002416;8.413166608674;-3.345835030147
0.700000000000;0.500000000000;-0.035837158025;0.101738848888;0.031626847176
0.700000000000;0.540000000000;-0.029425079419;-0.086834595935;0.157207441587
0.700000000000;0.580000000000;-0.020206282917;-0.051267557985;0.433170570260
0.700000000000;0.620000000000;-0.019209272665;0.076627238826;0.180054425124
0.700000000000;0.660000000000;-0.028693412749;0.044927079120;0.058192703580
0.700000000000;0.700000000000;-0.016442209619;-0.041253003401;0.009975192267
0.700000000000;0.740000000000;0.002928182103;-0.003541316924;0.000412201067
0.700000000000;0.780000000000;0.010099223998;-0.000891910065;-0.000262512137
0.700000000000;0.820000000000;0.019054230728;-0.001275824713;-0.000387225700
0.700000000000;0.860000000000;0.039122219295;0.001400428053;0.001143509003
0.700000000000;0.900000000000;-0.006079698095;0.000720777721;-0.000243770026
0.700000000000;0.940000000000;0.000603123371;0.003783450970;0.023858187207
0.700000000000;0.980000000000;-0.002507128607;0.005274778846;0.049018934064
0.740000000000;0.020000000000;0.272793898668;-5.040772811509;-88.743605105430
0.740000000000;0.060000000000;0.394500299804;-12.680520306117;50.955885863197
0.740000000000;0.100000000000;0.454082146770;77.566969288373;63.633227227488
0.740000000000;0.140000000000;0.110326221395;87.104930562361;-185.630287126679
0.740000000000;0.180000000000;0.109726477909;2888.642646889453;162.275726556474
0.740000000000;0.220000000000;-0.003119009316;4923.045755835888;-600.428891590989
0.740000000000;0.260000000000;-0.026035993100;2185.711152472548;-1396.365376489677
0.740000000000;0.300000000000;-0.037152007852;189.907969908832;-140.185143737438
0.740000000000;0.340000000000;-0.045157971708;35.898210406032;-56.321285238250
0.740000000000;0.380000000000;-0.041676423461;-6.324494216767;-28.589512847933
0.740000000000;0.420000000000;-0.038522446148;-4.455916560111;20.050391681642
0.740000000000;0.460000000000;-0.027920552597;-2.286299247231;0.426168447310
0.740000000000;0.500000000000;-0.037408655424;0.714493701589;-0.269409273852
0.740000000000;0.540000000000;-0.051549514007;0.492532570636;0.005499706817
0.740000000000;0.580000000000;-0.064889351436;0.133635830668;0.277645690219
0.740000000000;0.620000000000;-0.051652336952;-0.118854090240;0.148594303520
0.740000000000;0.660000000000;-0.023586155264;-0.037742142689;-0.009813010860
0.740000000000;0.700000000000;-0.010705571122;-0.012451892671;-0.010493522164
0.740000000000;0.740000000000;-0.001509844966;-0.004705583975;0.006467683115
0.740000000000;0.780000000000;0.010655995233;-0.000722250666;0.000333557865
0.740000000000;0.820000000000;0.018543735620;0.000004745005;-0.000088407776
0.740000000000;0.860000000000;0.012133551250;0.003305164998;-0.000044773660
0.740000000000;0.900000000000;-0.005349895963;0.017399244936;0.003482361904
0.740000000000;0.940000000000;-0.018543540439;0.037136764342;0.028869397222
0.740000000000;0.980000000000;-0.041417102417;0.022913323046;0.053483888661
0.780000000000;0.020000000000;2.944287625235;139.399595384271;164.160510191842
0.780000000000;0.060000000000;0.607472916360;173.958739911043;-90.254780943719
0.780000000000;0.100000000000;0.339709375187;-14.325070865718;-184.616658736062
0.780000000000;0.140000000000;0.407520115579;484.969659329900;-312.465993405557
0.780000000000;0.180000000000;0.110706563833;1995.594190510763;-794.151787364054
0.780000000000;0.220000000000;-0.000291694251;1351.177910455020;-555.575188595655
0.780000000000;0.260000000000;0.001085963444;-112.190446119595;-1591.786865158369
0.780000000000;0.300000000000;0.001372133448;4.473141777940;-184.718117667839
0.780000000000;0.340000000000;-0.001888791388;15.952219341970;-94.653933884705
0.780000000000;0.380000000000;-0.007391971672;52.389064336732;-76.492445809002
0.780000000000;0.420000000000;-0.046529758827;39.460366527353;-2.187812286395
0.780000000000;0.460000000000;-0.033260974465;-3.387498480282;3.399019138270
0.780000000000;0.500000000000;-0.026586167082;-0.325781167784;0.694088068793
0.780000000000;0.540000000000;-0.023828114234;-0.006480495771;0.120063773236
0.780000000000;0.580000000000;-0.028685000532;0.019871287262;-0.044901985483
0.780000000000;0.620000000000;-0.036556192107;-0.015105196790;-0.024641529912
0.780000000000;0.660000000000;-0.019046398120;-0.059766299544;-0.038239998313
0.780000000000;0.700000000000;-0.007136641382;0.001422763390;0.208962513190
0.780000000000;0.740000000000;-0.010724599308;0.034295454270;0.173518390284
0.780000000000;0.780000000000;0.001034564820;-0.001979251672;0.005080727124
0.780000000000;0.820000000000;0.026190866180;-0.000681867069;0.000086967002
0.780000000000;0.860000000000;0.029660132125;0.004297678731;-0.001449942244
0.780000000000;0.900000000000;-0.007954339647;0.011906007522;-0.001610079800
0.780000000000;0.940000000000;-0.040281568246;0.010043407409;0.003717344801
0.780000000000;0.980000000000;-0.059783761933;0.002518041948;0.007892989780
0.820000000000;0.020000000000;0.312762399467;-820.226491848918;586.576541226120
0.820000000000;0.060000000000;1.127927300969;-661.005101358572;-666.511324203762
0.820000000000;0.100000000000;0.822129831270;433.793468782840;-383.219587801460
0.820000000000;0.140000000000;0.343721947803;210.736416335386;-714.878413003609
0.820000000000;0.180000000000;0.382902776300;1189.852464608799;-981.537526458015
0.820000000000;0.220000000000;0.000040178801;1161.530369286929;-124.600206493953
0.820000000000;0.260000000000;0.004619910884;-109.137271701116;-387.068939664685
0.820000000000;0.300000000000;0.010782926017;-13.419314140267;-50.930309020320
0.820000000000;0.340000000000;0.007006340437;10.479104030556;-24.186318207278
0.820000000000;0.380000000000;0.001570250783;180.231670173240;-131.846456891837
0.820000000000;0.420000000000;-0.040807503851;176.119561285182;-37.497537676205
0.820000000000;0.460000000000;-0.052927523811;3.136788636733;2.094285313450
0.820000000000;0.500000000000;-0.059262197840;0.642232101097;1.015917563177
0.820000000000;0.540000000000;-0.072443954552;0.220212427106;0.193859065743
0.820000000000;0.580000000000;-0.054590596445;-0.134336470503;0.019127473275
0.820000000000;0.620000000000;-0.039168875942;-0.183852476603;-0.071745183417
0.820000000000;0.660000000000;-0.008553249088;0.260861298414;0.238999690399
0.820000000000;0.700000000000;-0.024103913437;0.410649842651;0.409603150349
0.820000000000;0.740000000000;-0.024612806016;0.024317003162;0.740936172759
0.820000000000;0.780000000000;-0.044792121132;0.015388137973;0.031430213960
0.820000000000;0.820000000000;0.006344604541;-0.000916722193;0.000822848510
0.820000000000;0.860000000000;0.041396160017;0.000324022891;0.000338371836
0.820000000000;0.900000000000;-0.001431227136;0.013485185545;0.083295555246
0.820000000000;0.940000000000;-0.034114878320;0.027341901211;0.076884881315
0.820000000000;0.980000000000;-0.078403260381;0.014415235815;0.061545235853
0.860000000000;0.020000000000;0.110381931387;-5561.295803347512;-566.926974848160
0.860000000000;0.060000000000;1.508179060730;-4565.284840411864;298.505329262353
0.860000000000;0.100000000000;1.114187748851;1851.843061448955;1002.145935094130
0.860000000000;0.140000000000;0.740634527256;1764.725382512260;-851.460752238642
0.860000000000;0.180000000000;0.464665228110;3713.401712213502;368.181643764789
0.860000000000;0.220000000000;0.006068820799;2577.775080726008;-332.193099934722
0.860000000000;0.260000000000;0.021443273944;-255.714465970638;-329.433664458757
0.860000000000;0.300000000000;0.029398984484;-28.392117412733;-80.109885164556
0.860000000000;0.340000000000;0.028880417421;15.642563903179;-39.576301276539
0.860000000000;0.380000000000;0.017622021632;256.327679025502;-156.137317182797
0.860000000000;0.420000000000;-0.031921425008;244.199105835303;-18.350148991946
0.860000000000;0.460000000000;-0.048541307905;3.107034200290;3.874018600308
0.860000000000;0.500000000000;-0.061350773797;0.150796744160;0.155093201441
0.860000000000;0.540000000000;-0.050988925638;-0.051095661662;-0.052793169397
0.860000000000;0.580000000000;-0.038307166710;-0.060788361405;-0.027887989153
0.860000000000;0.620000000000;-0.021849984373;-0.098006061277;-0.117443310244
0.860000000000;0.660000000000;-0.019024334412;0.235498609475;0.088523832658
0.860000000000;0.700000000000;-0.034602863611;0.792431622963;0.607643126956
0.860000000000;0.740000000000;-0.070823532506;0.535028658901;0.589046556942
0.860000000000;0.780000000000;-0.093041394325;0.023499796420;0.010944928891
0.860000000000;0.820000000000;-0.043046637574;-0.024128826929;0.010772525838
0.860000000000;0.860000000000;0.005111508127;0.457686780789;0.018463100662
0.860000000000;0.900000000000;-0.087835174604;1.089101961971;-0.251665984041
0.860000000000;0.940000000000;-0.164912372100;0.647000772257;0.079111907435
0.860000000000;0.980000000000;-0.170162060336;0.028053019991;0.075585761582
0.900000000000;0.020000000000;0.424803484690;-1128.507381720265;-1385.187016184169
0.900000000000;0.060000000000;1.078036151565;-205.758551879087;2078.113310967562
0.900000000000;0.100000000000;0.580714493382;599.513587525412;-1156.419725586613
0.900000000000;0.140000000000;0.775162898243;515.742109304489;-135.990346530260
0.900000000000;0.180000000000;0.310710826994;1891.766849330422;516.595761648406
0.900000000000;0.220000000000;0.038501812386;1026.755081111429;-172.040277764572
0.900000000000;0.260000000000;0.051733854286;-47.241895172089;-75.615666807312
0.900000000000;0.300000000000;0.075512823502;-28.626409613860;-47.608092749456
0.900000000000;0.340000000000;0.097858079369;0.261634591468;-22.085268585586
0.900000000000;0.380000000000;0.073801068872;93.296189620074;-44.445707329113
0.900000000000;0.420000000000;-0.039209359903;96.308112813165;19.772193313994
0.900000000000;0.460000000000;-0.092026185458;10.595912194990;3.679743176834
0.900000000000;0.500000000000;-0.082219525429;-0.114856930939;0.080733950069
0.900000000000;0.540000000000;-0.069007790845;-0.029128455719;0.058615445730
0.900000000000;0.580000000000;-0.043237888244;-0.026647663865;0.038660424222
0.900000000000;0.620000000000;-0.012478745679;-0.005256839323;0.277607728496
0.900000000000;0.660000000000;-0.014600755272;0.773543799460;0.341141238602
0.900000000000;0.700000000000;-0.084220767679;0.753660058171;0.400276364321
0.900000000000;0.740000000000;-0.078952078630;-0.007532050217;0.007153773002
0.900000000000;0.780000000000;-0.080214941997;0.009911828727;-0.132935815597
0.900000000000;0.820000000000;-0.088065751373;-0.069583418961;-0.064461497422
0.900000000000;0.860000000000;-0.003943638102;0.041178545023;0.301211901814
0.900000000000;0.900000000000;-0.052601211651;0.157367837354;1.330606935001
0.900000000000;0.940000000000;-0.168308404139;0.048745542504;0.032430618225
0.900000000000;0.980000000000;-0.235301791485;0.010242476473;0.030136077102
0.940000000000;0.020000000000;0.908914882617;443.712362946693;-458.417921489078
0.940000000000;0.060000000000;0.509666268675;-2842.118587983074;1161.344700778371
0.940000000000;0.100000000000;1.227616989158;-3111.570614334723;-606.370075344262
0.940000000000;0.140000000000;0.931017565903;361.398691754127;-24.936212532232
0.940000000000;0.180000000000;0.380954050451;415.471868272816;-87.878480042746
0.940000000000;0.220000000000;0.022097745295;212.598579140271;-161.326621667665
0.940000000000;0.260000000000;0.065037756774;-15.943233326379;-18.125845313052
0.940000000000;0.300000000000;0.076690908012;0.042114980618;-0.143917846986
0.940000000000;0.340000000000;0.057122169308;1.024989753261;1.390102469327
0.940000000000;0.380000000000;0.036644617794;21.413675350603;14.070024720808
0.940000000000;0.420000000000;-0.064284651671;20.637777762608;5.132635312063
0.940000000000;0.460000000000;-0.064229502053;0.103107351638;-0.876164743423
0.940000000000;0.500000000000;-0.074608966877;0.278223502023;-0.368460247929
0.940000000000;0.540000000000;-0.095283309777;0.263654545438;-0.500058234852
0.940000000000;0.580000000000;-0.111108366583;0.018448091088;-0.203792182532
0.940000000000;0.620000000000;-0.097674634508;-0.255921824578;0.288363121402
0.940000000000;0.660000000000;-0.067100286214;-0.183843013170;0.934037190398
0.940000000000;0.700000000000;-0.068054427269;-0.003073310389;-0.015702715169
0.940000000000;0.740000000000;-0.053984923395;-0.016516309586;-0.010876487767
0.940000000000;0.780000000000;-0.019156365026;0.022751197047;-0.123137262338
0.940000000000;0.820000000000;-0.030610252248;1.111266765579;-0.357429209939
0.940000000000;0.860000000000;-0.114600760472;2.462339741056;0.222661816032
0.940000000000;0.900000000000;-0.265044402077;1.415978836778;1.884125426745
0.940000000000;0.940000000000;-0.365956215989;0.025220345535;0.019364898552
0.940000000000;0.980000000000;-0.334133361045;-0.004157658698;0.015034487301
0.980000000000;0.020000000000;0.866478713240;374.550808124426;26.415453284369
0.980000000000;0.060000000000;0.514874442257;-1264.903689693538;-22.445438990382
0.980000000000;0.100000000000;0.873439034598;-1576.647729760339;1726.252159659164
0.980000000000;0.140000000000;0.756086695177;149.604554661870;51.980107057182
0.980000000000;0.180000000000;0.487601995504;329.060237432458;-39.984692449054
0.980000000000;0.220000000000;0.114155282760;235.991681929125;-206.448998211730
0.980000000000;0.260000000000;0.130041518435;-5.556402938344;-13.496253039485
0.980000000000;0.300000000000;0.089817236164;1.040448828092;-0.122178696962
0.980000000000;0.340000000000;0.063369473142;1.225642005036;-0.120563724495
0.980000000000;0.380000000000;0.037353099171;18.458461705602;-0.200082994743
0.980000000000;0.420000000000;-0.052511754866;17.399323639002;-1.820409896165
0.980000000000;0.460000000000;-0.044406143226;-0.268948434968;-0.230402163350
0.980000000000;0.500000000000;-0.030960573968;-0.139667143878;-0.320258628586
0.980000000000;0.540000000000;-0.026569276217;0.078300664345;-0.538483999500
0.980000000000;0.580000000000;-0.049269046893;0.320954136329;-0.240128964950
0.980000000000;0.620000000000;-0.093439700586;0.522897113224;-0.030556795589
0.980000000000;0.660000000000;-0.141983332037;0.256539202997;0.408230094411
0.980000000000;0.700000000000;-0.055687941873;-0.057174968943;-0.004344479062
0.980000000000;0.740000000000;-0.042290877661;-0.012024399986;-0.002275939045
0.980000000000;0.780000000000;-0.015483943019;-0.001625850497;-0.005958347258
0.980000000000;0.820000000000;-0.017931877968;1.148430438198;-0.282833019341
0.980000000000;0.860000000000;-0.107816645503;2.808010404437;-0.060565031183
0.980000000000;0.900000000000;-0.287258202520;1.664282099147;0.213306288437
0.980000000000;0.940000000000;-0.276832771189;0.006191755733;-0.011943475156
0.980000000000;0.980000000000;-0.357792394022;0.008715279437;0.002495331527
